Typical Measured Spectrum of Semrock FF01-590/36 Optical Filter	
For wavelengths between 320 and 1120 nm, values near or below 3e-7 (Optical Density 6.5) are measurement noise limited.
For wavelengths < 320 nm and > 1120 nm, values near or below 3e-6 (Optical Density 5.5) are measurement noise limited. 
Data format:  Wavelength (nm) <tab> Transmission (0 to 1)

290.0	1.9562e-07
290.2	1.9122e-07
290.4	1.8692e-07
290.6	1.8271e-07
290.8	1.786e-07
291.0	1.7458e-07
291.2	1.7065e-07
291.4	1.6681e-07
291.6	1.6306e-07
291.8	1.5939e-07
292.0	1.558e-07
292.2	1.523e-07
292.4	1.4887e-07
292.6	1.5407e-07
292.8	1.8216e-07
293.0	2.1537e-07
293.2	2.5464e-07
293.4	3.0107e-07
293.6	3.5596e-07
293.8	4.2087e-07
294.0	4.9761e-07
294.2	5.8834e-07
294.4	6.9561e-07
294.6	8.2244e-07
294.8	9.724e-07
295.0	1.1497e-06
295.2	1.1826e-06
295.4	1.2164e-06
295.6	1.2513e-06
295.8	1.1976e-06
296.0	1.0977e-06
296.2	1.0061e-06
296.4	9.2216e-07
296.6	8.4524e-07
296.8	7.7473e-07
297.0	7.101e-07
297.2	6.5086e-07
297.4	5.9657e-07
297.6	5.468e-07
297.8	5.0119e-07
298.0	4.5938e-07
298.2	4.2106e-07
298.4	3.8593e-07
298.6	3.5374e-07
298.8	3.2423e-07
299.0	2.9718e-07
299.2	2.7239e-07
299.4	2.4967e-07
299.6	2.2884e-07
299.8	2.0975e-07
300.0	1.9225e-07
300.2	1.7622e-07
300.4	1.6757e-07
300.6	1.7556e-07
300.8	1.8394e-07
301.0	1.9271e-07
301.2	2.0191e-07
301.4	2.1154e-07
301.6	2.2163e-07
301.8	2.322e-07
302.0	2.4328e-07
302.2	2.5489e-07
302.4	2.6705e-07
302.6	2.7979e-07
302.8	2.9314e-07
303.0	3.0712e-07
303.2	3.2178e-07
303.4	3.3713e-07
303.6	3.5321e-07
303.8	3.7006e-07
304.0	3.8772e-07
304.2	4.0621e-07
304.4	4.2559e-07
304.6	4.459e-07
304.8	4.6717e-07
305.0	4.8946e-07
305.2	4.2024e-07
305.4	3.608e-07
305.6	3.0977e-07
305.8	2.6596e-07
306.0	2.2835e-07
306.2	1.9605e-07
306.4	1.6832e-07
306.6	1.4452e-07
306.8	1.2408e-07
307.0	1.0947e-07
307.2	1.0936e-07
307.4	1.0926e-07
307.6	1.0915e-07
307.8	1.0904e-07
308.0	1.0893e-07
308.2	1.0882e-07
308.4	1.0871e-07
308.6	1.0861e-07
308.8	1.085e-07
309.0	1.0839e-07
309.2	1.0828e-07
309.4	1.0817e-07
309.6	1.0807e-07
309.8	1.0796e-07
310.0	1.0785e-07
310.2	1.0775e-07
310.4	1.0764e-07
310.6	1.0753e-07
310.8	1.0742e-07
311.0	1.0732e-07
311.2	1.0721e-07
311.4	1.071e-07
311.6	1.07e-07
311.8	1.1725e-07
312.0	1.3103e-07
312.2	1.4644e-07
312.4	1.6365e-07
312.6	1.8289e-07
312.8	2.0439e-07
313.0	2.2841e-07
313.2	2.5526e-07
313.4	2.8527e-07
313.6	3.188e-07
313.8	3.5627e-07
314.0	3.9815e-07
314.2	4.4496e-07
314.4	4.9726e-07
314.6	5.5571e-07
314.8	6.2103e-07
315.0	6.9404e-07
315.2	7.7562e-07
315.4	8.6679e-07
315.6	9.6868e-07
315.8	1.0825e-06
316.0	1.2098e-06
316.2	1.352e-06
316.4	1.3707e-06
316.6	1.253e-06
316.8	1.1454e-06
317.0	1.047e-06
317.2	9.5713e-07
317.4	8.7495e-07
317.6	7.9982e-07
317.8	7.3114e-07
318.0	6.6836e-07
318.2	6.1098e-07
318.4	5.5851e-07
318.6	5.1056e-07
318.8	4.6672e-07
319.0	4.2664e-07
319.2	3.9001e-07
319.4	3.5652e-07
319.6	3.2591e-07
319.8	2.9793e-07
320.0	2.7235e-07
320.2	2.4896e-07
320.4	2.2758e-07
320.6	2.0804e-07
320.8	1.9018e-07
321.0	1.7863e-07
321.2	1.945e-07
321.4	2.1179e-07
321.6	2.3061e-07
321.8	2.511e-07
322.0	2.7342e-07
322.2	2.9772e-07
322.4	3.2417e-07
322.6	3.5298e-07
322.8	3.8435e-07
323.0	4.1851e-07
323.2	4.557e-07
323.4	4.962e-07
323.6	5.4029e-07
323.8	5.8831e-07
324.0	6.4059e-07
324.2	6.9752e-07
324.4	7.5951e-07
324.6	8.2701e-07
324.8	9.005e-07
325.0	9.8053e-07
325.2	1.0677e-06
325.4	1.1626e-06
325.6	1.2659e-06
325.8	1.1716e-06
326.0	1.05e-06
326.2	9.4112e-07
326.4	8.4349e-07
326.6	7.5599e-07
326.8	6.7756e-07
327.0	6.0728e-07
327.2	5.4428e-07
327.4	4.8782e-07
327.6	4.3721e-07
327.8	3.9186e-07
328.0	3.5121e-07
328.2	3.1477e-07
328.4	2.8212e-07
328.6	2.5285e-07
328.8	2.2662e-07
329.0	2.0311e-07
329.2	1.8204e-07
329.4	1.6316e-07
329.6	1.4623e-07
329.8	1.3106e-07
330.0	1.1747e-07
330.2	1.0528e-07
330.4	1.0352e-07
330.6	1.1051e-07
330.8	1.1796e-07
331.0	1.2592e-07
331.2	1.3442e-07
331.4	1.4349e-07
331.6	1.5317e-07
331.8	1.6351e-07
332.0	1.7454e-07
332.2	1.8632e-07
332.4	1.9889e-07
332.6	2.1231e-07
332.8	2.2664e-07
333.0	2.4194e-07
333.2	2.5826e-07
333.4	2.7569e-07
333.6	2.9429e-07
333.8	3.1415e-07
334.0	3.3535e-07
334.2	3.5798e-07
334.4	3.8213e-07
334.6	4.0792e-07
334.8	4.3544e-07
335.0	4.527e-07
335.2	3.8772e-07
335.4	3.3206e-07
335.6	2.8439e-07
335.8	2.4357e-07
336.0	2.0861e-07
336.2	1.7866e-07
336.4	1.5301e-07
336.6	1.3105e-07
336.8	1.1224e-07
337.0	1.0e-07
337.2	1.0e-07
337.4	1.0e-07
337.6	1.0e-07
337.8	1.0e-07
338.0	1.0e-07
338.2	1.0e-07
338.4	1.0e-07
338.6	1.0e-07
338.8	1.0e-07
339.0	1.0e-07
339.2	1.0e-07
339.4	1.0e-07
339.6	1.0e-07
339.8	1.0e-07
340.0	1.0e-07
340.2	1.0e-07
340.4	1.0e-07
340.6	1.0e-07
340.8	1.0e-07
341.0	1.0e-07
341.2	1.0e-07
341.4	1.0e-07
341.6	1.0e-07
341.8	1.0e-07
342.0	1.0e-07
342.2	1.0e-07
342.4	1.0e-07
342.6	1.0e-07
342.8	1.0e-07
343.0	1.0e-07
343.2	1.0e-07
343.4	1.0e-07
343.6	1.0e-07
343.8	1.0e-07
344.0	1.0e-07
344.2	1.0e-07
344.4	1.0e-07
344.6	1.0e-07
344.8	1.0e-07
345.0	1.0e-07
345.2	1.0e-07
345.4	1.0e-07
345.6	1.0e-07
345.8	1.0e-07
346.0	1.0e-07
346.2	1.0e-07
346.4	1.0e-07
346.6	1.0e-07
346.8	1.0e-07
347.0	1.0e-07
347.2	1.0e-07
347.4	1.0e-07
347.6	1.0e-07
347.8	1.0e-07
348.0	1.0e-07
348.2	1.0e-07
348.4	1.0e-07
348.6	1.0e-07
348.8	1.0e-07
349.0	1.0e-07
349.2	1.0e-07
349.4	1.0e-07
349.6	1.0e-07
349.8	1.0e-07
350.0	1.0e-07
350.2	1.0e-07
350.4	1.0e-07
350.6	1.0e-07
350.8	1.0e-07
351.0	1.0e-07
351.2	1.0e-07
351.4	1.0e-07
351.6	1.0e-07
351.8	1.0e-07
352.0	1.0e-07
352.2	1.0e-07
352.4	1.0e-07
352.6	1.0e-07
352.8	1.0e-07
353.0	1.0e-07
353.2	1.0e-07
353.4	1.0e-07
353.6	1.0e-07
353.8	1.0e-07
354.0	1.0e-07
354.2	1.0e-07
354.4	1.0e-07
354.6	1.0e-07
354.8	1.0e-07
355.0	1.0e-07
355.2	1.0e-07
355.4	1.0e-07
355.6	1.0e-07
355.8	1.0e-07
356.0	1.0e-07
356.2	1.0e-07
356.4	1.0e-07
356.6	1.0e-07
356.8	1.0e-07
357.0	1.0e-07
357.2	1.0e-07
357.4	1.0e-07
357.6	1.0e-07
357.8	1.0e-07
358.0	1.0e-07
358.2	1.0e-07
358.4	1.0e-07
358.6	1.0e-07
358.8	1.0e-07
359.0	1.0e-07
359.2	1.0e-07
359.4	1.0e-07
359.6	1.0e-07
359.8	1.0e-07
360.0	1.0e-07
360.2	1.0e-07
360.4	1.0225e-07
360.6	1.0504e-07
360.8	1.0791e-07
361.0	1.1085e-07
361.2	1.1388e-07
361.4	1.1699e-07
361.6	1.2019e-07
361.8	1.2347e-07
362.0	1.2684e-07
362.2	1.303e-07
362.4	1.3386e-07
362.6	1.3752e-07
362.8	1.4127e-07
363.0	1.4513e-07
363.2	1.4909e-07
363.4	1.5316e-07
363.6	1.5735e-07
363.8	1.6164e-07
364.0	1.6606e-07
364.2	1.7059e-07
364.4	1.7525e-07
364.6	1.8003e-07
364.8	1.8495e-07
365.0	1.9363e-07
365.2	2.1259e-07
365.4	2.3341e-07
365.6	2.5626e-07
365.8	2.8135e-07
366.0	3.089e-07
366.2	3.3914e-07
366.4	3.7234e-07
366.6	4.088e-07
366.8	4.4882e-07
367.0	4.639e-07
367.2	4.4038e-07
367.4	4.1806e-07
367.6	3.9686e-07
367.8	3.7674e-07
368.0	3.5764e-07
368.2	3.3951e-07
368.4	3.2229e-07
368.6	3.0595e-07
368.8	2.9044e-07
369.0	2.7572e-07
369.2	2.6174e-07
369.4	2.4847e-07
369.6	2.3587e-07
369.8	2.2391e-07
370.0	2.1256e-07
370.2	2.0178e-07
370.4	1.9155e-07
370.6	1.8184e-07
370.8	1.7543e-07
371.0	1.6999e-07
371.2	1.6472e-07
371.4	1.5961e-07
371.6	1.5466e-07
371.8	1.4987e-07
372.0	1.4522e-07
372.2	1.4072e-07
372.4	1.3635e-07
372.6	1.3213e-07
372.8	1.2803e-07
373.0	1.2406e-07
373.2	1.2021e-07
373.4	1.1649e-07
373.6	1.1287e-07
373.8	1.0937e-07
374.0	1.0598e-07
374.2	1.027e-07
374.4	1.0193e-07
374.6	1.1531e-07
374.8	1.3044e-07
375.0	1.4755e-07
375.2	1.6692e-07
375.4	1.8882e-07
375.6	2.136e-07
375.8	2.4163e-07
376.0	2.7334e-07
376.2	3.0921e-07
376.4	3.4979e-07
376.6	3.9569e-07
376.8	4.4761e-07
377.0	5.0635e-07
377.2	5.728e-07
377.4	6.4797e-07
377.6	7.33e-07
377.8	8.2919e-07
378.0	9.38e-07
378.2	9.2878e-07
378.4	8.2101e-07
378.6	7.2574e-07
378.8	6.4153e-07
379.0	5.6709e-07
379.2	5.0129e-07
379.4	4.4312e-07
379.6	3.9171e-07
379.8	3.4625e-07
380.0	3.0608e-07
380.2	2.7056e-07
380.4	2.3917e-07
380.6	2.1142e-07
380.8	1.8688e-07
381.0	1.652e-07
381.2	1.4603e-07
381.4	1.2909e-07
381.6	1.1411e-07
381.8	1.0087e-07
382.0	1.0436e-07
382.2	1.0927e-07
382.4	1.1441e-07
382.6	1.1978e-07
382.8	1.2542e-07
383.0	1.3131e-07
383.2	1.3748e-07
383.4	1.4395e-07
383.6	1.5071e-07
383.8	1.578e-07
384.0	1.6521e-07
384.2	1.7298e-07
384.4	1.8111e-07
384.6	1.8963e-07
384.8	1.9854e-07
385.0	2.0787e-07
385.2	2.1764e-07
385.4	2.2788e-07
385.6	2.352e-07
385.8	2.3565e-07
386.0	2.361e-07
386.2	2.3656e-07
386.4	2.3701e-07
386.6	2.3747e-07
386.8	2.3792e-07
387.0	2.3838e-07
387.2	2.3884e-07
387.4	2.393e-07
387.6	2.3976e-07
387.8	2.4022e-07
388.0	2.4068e-07
388.2	2.4114e-07
388.4	2.416e-07
388.6	2.4207e-07
388.8	2.4253e-07
389.0	2.43e-07
389.2	2.4347e-07
389.4	2.3233e-07
389.6	2.1774e-07
389.8	2.0407e-07
390.0	1.9126e-07
390.2	1.7925e-07
390.4	1.68e-07
390.6	1.5745e-07
390.8	1.4756e-07
391.0	1.383e-07
391.2	1.2961e-07
391.4	1.2147e-07
391.6	1.1385e-07
391.8	1.067e-07
392.0	1.0e-07
392.2	1.0e-07
392.4	1.0e-07
392.6	1.0e-07
392.8	1.0e-07
393.0	1.0e-07
393.2	1.0e-07
393.4	1.0e-07
393.6	1.0e-07
393.8	1.0e-07
394.0	1.0e-07
394.2	1.0e-07
394.4	1.0e-07
394.6	1.0e-07
394.8	1.0e-07
395.0	1.0e-07
395.2	1.0e-07
395.4	1.0e-07
395.6	1.0e-07
395.8	1.0e-07
396.0	1.0e-07
396.2	1.0e-07
396.4	1.0e-07
396.6	1.0e-07
396.8	1.0e-07
397.0	1.0e-07
397.2	1.0e-07
397.4	1.0e-07
397.6	1.0e-07
397.8	1.0e-07
398.0	1.0e-07
398.2	1.0e-07
398.4	1.0e-07
398.6	1.0e-07
398.8	1.0e-07
399.0	1.0e-07
399.2	1.0e-07
399.4	1.0e-07
399.6	1.0e-07
399.8	1.0e-07
400.0	1.0e-07
400.2	1.0e-07
400.4	1.0e-07
400.6	1.0e-07
400.8	1.0e-07
401.0	1.0e-07
401.2	1.0e-07
401.4	1.0e-07
401.6	1.0e-07
401.8	1.0e-07
402.0	1.0e-07
402.2	1.0e-07
402.4	1.0e-07
402.6	1.0e-07
402.8	1.0e-07
403.0	1.0e-07
403.2	1.0e-07
403.4	1.0e-07
403.6	1.0e-07
403.8	1.0e-07
404.0	1.0e-07
404.2	1.0e-07
404.4	1.0e-07
404.6	1.0e-07
404.8	1.0e-07
405.0	1.0e-07
405.2	1.0e-07
405.4	1.0e-07
405.6	1.0e-07
405.8	1.0e-07
406.0	1.0e-07
406.2	1.0e-07
406.4	1.0e-07
406.6	1.0e-07
406.8	1.0e-07
407.0	1.0e-07
407.2	1.0e-07
407.4	1.0e-07
407.6	1.0e-07
407.8	1.0e-07
408.0	1.0e-07
408.2	1.0e-07
408.4	1.0e-07
408.6	1.0e-07
408.8	1.0e-07
409.0	1.0e-07
409.2	1.0e-07
409.4	1.0e-07
409.6	1.0e-07
409.8	1.0e-07
410.0	1.0e-07
410.2	1.0e-07
410.4	1.0e-07
410.6	1.0e-07
410.8	1.0e-07
411.0	1.0e-07
411.2	1.0e-07
411.4	1.0e-07
411.6	1.0e-07
411.8	1.0e-07
412.0	1.0e-07
412.2	1.0e-07
412.4	1.0e-07
412.6	1.0e-07
412.8	1.0e-07
413.0	1.0e-07
413.2	1.0e-07
413.4	1.0e-07
413.6	1.0e-07
413.8	1.0e-07
414.0	1.0e-07
414.2	1.0e-07
414.4	1.0e-07
414.6	1.0e-07
414.8	1.0e-07
415.0	1.0e-07
415.2	1.0e-07
415.4	1.0e-07
415.6	1.0e-07
415.8	1.0e-07
416.0	1.0e-07
416.2	1.0e-07
416.4	1.0e-07
416.6	1.0e-07
416.8	1.0e-07
417.0	1.0e-07
417.2	1.0e-07
417.4	1.0e-07
417.6	1.0e-07
417.8	1.0e-07
418.0	1.0e-07
418.2	1.0e-07
418.4	1.0e-07
418.6	1.0e-07
418.8	1.0e-07
419.0	1.0e-07
419.2	1.0e-07
419.4	1.0e-07
419.6	1.0e-07
419.8	1.0e-07
420.0	1.0e-07
420.2	1.0e-07
420.4	1.0e-07
420.6	1.0e-07
420.8	1.0e-07
421.0	1.0e-07
421.2	1.0e-07
421.4	1.0e-07
421.6	1.0e-07
421.8	1.0e-07
422.0	1.0e-07
422.2	1.0e-07
422.4	1.0e-07
422.6	1.0e-07
422.8	1.0e-07
423.0	1.0e-07
423.2	1.0e-07
423.4	1.0e-07
423.6	1.0e-07
423.8	1.0e-07
424.0	1.0e-07
424.2	1.0e-07
424.4	1.0e-07
424.6	1.0e-07
424.8	1.0e-07
425.0	1.0e-07
425.2	1.0e-07
425.4	1.0e-07
425.6	1.0e-07
425.8	1.0e-07
426.0	1.0e-07
426.2	1.0e-07
426.4	1.0e-07
426.6	1.0e-07
426.8	1.0084e-07
427.0	1.0181e-07
427.2	1.0278e-07
427.4	1.0376e-07
427.6	1.0476e-07
427.8	1.0576e-07
428.0	1.0677e-07
428.2	1.0779e-07
428.4	1.0882e-07
428.6	1.0986e-07
428.8	1.1092e-07
429.0	1.1198e-07
429.2	1.1305e-07
429.4	1.1413e-07
429.6	1.1522e-07
429.8	1.1632e-07
430.0	1.1744e-07
430.2	1.1784e-07
430.4	1.1678e-07
430.6	1.1573e-07
430.8	1.147e-07
431.0	1.1367e-07
431.2	1.1265e-07
431.4	1.1164e-07
431.6	1.1064e-07
431.8	1.0965e-07
432.0	1.0866e-07
432.2	1.0769e-07
432.4	1.0672e-07
432.6	1.0577e-07
432.8	1.0482e-07
433.0	1.0388e-07
433.2	1.0295e-07
433.4	1.0202e-07
433.6	1.0111e-07
433.8	1.002e-07
434.0	1.0e-07
434.2	1.0e-07
434.4	1.0e-07
434.6	1.0e-07
434.8	1.0e-07
435.0	1.0e-07
435.2	1.0e-07
435.4	1.0e-07
435.6	1.0e-07
435.8	1.0e-07
436.0	1.0e-07
436.2	1.0e-07
436.4	1.0e-07
436.6	1.0e-07
436.8	1.0e-07
437.0	1.0e-07
437.2	1.0e-07
437.4	1.0e-07
437.6	1.0e-07
437.8	1.0e-07
438.0	1.0e-07
438.2	1.0e-07
438.4	1.0e-07
438.6	1.0e-07
438.8	1.0e-07
439.0	1.0e-07
439.2	1.0e-07
439.4	1.0e-07
439.6	1.0e-07
439.8	1.0e-07
440.0	1.0e-07
440.2	1.0e-07
440.4	1.0e-07
440.6	1.0e-07
440.8	1.0e-07
441.0	1.0e-07
441.2	1.0e-07
441.4	1.0e-07
441.6	1.0e-07
441.8	1.0e-07
442.0	1.0e-07
442.2	1.0e-07
442.4	1.0e-07
442.6	1.0e-07
442.8	1.0e-07
443.0	1.0e-07
443.2	1.0e-07
443.4	1.0e-07
443.6	1.0e-07
443.8	1.0e-07
444.0	1.0e-07
444.2	1.0e-07
444.4	1.0e-07
444.6	1.0e-07
444.8	1.0e-07
445.0	1.0e-07
445.2	1.0e-07
445.4	1.0e-07
445.6	1.0e-07
445.8	1.0e-07
446.0	1.0e-07
446.2	1.0e-07
446.4	1.0e-07
446.6	1.0e-07
446.8	1.0e-07
447.0	1.0e-07
447.2	1.0e-07
447.4	1.0e-07
447.6	1.0e-07
447.8	1.0e-07
448.0	1.0e-07
448.2	1.0e-07
448.4	1.0e-07
448.6	1.0e-07
448.8	1.0e-07
449.0	1.0e-07
449.2	1.0e-07
449.4	1.0e-07
449.6	1.0e-07
449.8	1.0e-07
450.0	1.0e-07
450.2	1.0e-07
450.4	1.0e-07
450.6	1.0e-07
450.8	1.0e-07
451.0	1.0e-07
451.2	1.0e-07
451.4	1.0e-07
451.6	1.0e-07
451.8	1.0e-07
452.0	1.0e-07
452.2	1.0e-07
452.4	1.0e-07
452.6	1.0e-07
452.8	1.0e-07
453.0	1.0e-07
453.2	1.0e-07
453.4	1.0e-07
453.6	1.0e-07
453.8	1.0e-07
454.0	1.0e-07
454.2	1.0e-07
454.4	1.0e-07
454.6	1.0e-07
454.8	1.0e-07
455.0	1.0e-07
455.2	1.0e-07
455.4	1.0e-07
455.6	1.0e-07
455.8	1.0e-07
456.0	1.0e-07
456.2	1.0e-07
456.4	1.0e-07
456.6	1.0e-07
456.8	1.0e-07
457.0	1.0e-07
457.2	1.0e-07
457.4	1.0e-07
457.6	1.0e-07
457.8	1.0e-07
458.0	1.0e-07
458.2	1.0e-07
458.4	1.0e-07
458.6	1.0e-07
458.8	1.0e-07
459.0	1.0e-07
459.2	1.0e-07
459.4	1.0e-07
459.6	1.0e-07
459.8	1.0e-07
460.0	1.0e-07
460.2	1.0e-07
460.4	1.0e-07
460.6	1.0e-07
460.8	1.0e-07
461.0	1.0e-07
461.2	1.0e-07
461.4	1.0e-07
461.6	1.0e-07
461.8	1.0e-07
462.0	1.0e-07
462.2	1.0e-07
462.4	1.0e-07
462.6	1.0e-07
462.8	1.0e-07
463.0	1.0e-07
463.2	1.0e-07
463.4	1.0e-07
463.6	1.0289e-07
463.8	1.0733e-07
464.0	1.1196e-07
464.2	1.1679e-07
464.4	1.2183e-07
464.6	1.2709e-07
464.8	1.3257e-07
465.0	1.3829e-07
465.2	1.4425e-07
465.4	1.5048e-07
465.6	1.5697e-07
465.8	1.6374e-07
466.0	1.7081e-07
466.2	1.7817e-07
466.4	1.8586e-07
466.6	1.9388e-07
466.8	2.0224e-07
467.0	2.1097e-07
467.2	2.2007e-07
467.4	2.2957e-07
467.6	2.3962e-07
467.8	2.5143e-07
468.0	2.6383e-07
468.2	2.7684e-07
468.4	2.9049e-07
468.6	3.0482e-07
468.8	3.1985e-07
469.0	3.3562e-07
469.2	3.5217e-07
469.4	3.6953e-07
469.6	3.8775e-07
469.8	4.0687e-07
470.0	4.2693e-07
470.2	4.4799e-07
470.4	4.7008e-07
470.6	4.886e-07
470.8	4.95e-07
471.0	5.0149e-07
471.2	5.0806e-07
471.4	5.1471e-07
471.6	5.2145e-07
471.8	5.2828e-07
472.0	5.352e-07
472.2	5.4222e-07
472.4	5.4932e-07
472.6	5.5651e-07
472.8	5.638e-07
473.0	5.7119e-07
473.2	5.7867e-07
473.4	5.8625e-07
473.6	5.9393e-07
473.8	6.0171e-07
474.0	6.096e-07
474.2	6.1758e-07
474.4	6.218e-07
474.6	6.2489e-07
474.8	6.2799e-07
475.0	6.3111e-07
475.2	6.3424e-07
475.4	6.3739e-07
475.6	6.4055e-07
475.8	6.4373e-07
476.0	6.4693e-07
476.2	6.5014e-07
476.4	6.5337e-07
476.6	6.5661e-07
476.8	6.5987e-07
477.0	6.6314e-07
477.2	6.6644e-07
477.4	6.6975e-07
477.6	6.7307e-07
477.8	6.7641e-07
478.0	6.8055e-07
478.2	6.8675e-07
478.4	6.93e-07
478.6	6.9931e-07
478.8	7.0568e-07
479.0	7.1211e-07
479.2	7.1859e-07
479.4	7.2514e-07
479.6	7.3174e-07
479.8	7.384e-07
480.0	7.4513e-07
480.2	7.5191e-07
480.4	7.5876e-07
480.6	7.6567e-07
480.8	7.7264e-07
481.0	7.7968e-07
481.2	7.8678e-07
481.4	7.9394e-07
481.6	8.0117e-07
481.8	8.0698e-07
482.0	8.1244e-07
482.2	8.1793e-07
482.4	8.2347e-07
482.6	8.2904e-07
482.8	8.3465e-07
483.0	8.4029e-07
483.2	8.4598e-07
483.4	8.517e-07
483.6	8.5746e-07
483.8	8.6326e-07
484.0	8.691e-07
484.2	8.7498e-07
484.4	8.809e-07
484.6	8.8686e-07
484.8	8.9286e-07
485.0	8.989e-07
485.2	9.0498e-07
485.4	9.1196e-07
485.6	9.2077e-07
485.8	9.2967e-07
486.0	9.3865e-07
486.2	9.4772e-07
486.4	9.5688e-07
486.6	9.6613e-07
486.8	9.7546e-07
487.0	9.8489e-07
487.2	9.9441e-07
487.4	1.004e-06
487.6	1.0137e-06
487.8	1.0235e-06
488.0	1.0334e-06
488.2	1.0434e-06
488.4	1.0535e-06
488.6	1.0637e-06
488.8	1.0739e-06
489.0	1.0843e-06
489.2	1.0008e-06
489.4	9.1089e-07
489.6	8.2905e-07
489.8	7.5456e-07
490.0	6.8677e-07
490.2	6.2506e-07
490.4	5.689e-07
490.6	5.1779e-07
490.8	4.7127e-07
491.0	4.2892e-07
491.2	3.9039e-07
491.4	3.5531e-07
491.6	3.2339e-07
491.8	2.9433e-07
492.0	2.6789e-07
492.2	2.4382e-07
492.4	2.2191e-07
492.6	2.0197e-07
492.8	1.8383e-07
493.0	1.6731e-07
493.2	1.5228e-07
493.4	1.386e-07
493.6	1.3438e-07
493.8	1.344e-07
494.0	1.3443e-07
494.2	1.3446e-07
494.4	1.3449e-07
494.6	1.3452e-07
494.8	1.3455e-07
495.0	1.3458e-07
495.2	1.3461e-07
495.4	1.3464e-07
495.6	1.3467e-07
495.8	1.3469e-07
496.0	1.3472e-07
496.2	1.3475e-07
496.4	1.3478e-07
496.6	1.3481e-07
496.8	1.3484e-07
497.0	1.3488e-07
497.2	1.3538e-07
497.4	1.3589e-07
497.6	1.364e-07
497.8	1.3691e-07
498.0	1.3743e-07
498.2	1.3794e-07
498.4	1.3846e-07
498.6	1.3898e-07
498.8	1.395e-07
499.0	1.4002e-07
499.2	1.4055e-07
499.4	1.4108e-07
499.6	1.416e-07
499.8	1.4214e-07
500.0	1.4267e-07
500.2	1.432e-07
500.4	1.4374e-07
500.6	1.4428e-07
500.8	1.4482e-07
501.0	1.4537e-07
501.2	1.4591e-07
501.4	1.4646e-07
501.6	1.4701e-07
501.8	1.4756e-07
502.0	1.4811e-07
502.2	1.4838e-07
502.4	1.4865e-07
502.6	1.4892e-07
502.8	1.4919e-07
503.0	1.4946e-07
503.2	1.4973e-07
503.4	1.5e-07
503.6	1.5027e-07
503.8	1.5054e-07
504.0	1.5082e-07
504.2	1.5109e-07
504.4	1.5136e-07
504.6	1.5164e-07
504.8	1.5191e-07
505.0	1.5219e-07
505.2	1.5246e-07
505.4	1.5274e-07
505.6	1.5302e-07
505.8	1.533e-07
506.0	1.5357e-07
506.2	1.5385e-07
506.4	1.5413e-07
506.6	1.5441e-07
506.8	1.5469e-07
507.0	1.5497e-07
507.2	1.5485e-07
507.4	1.5474e-07
507.6	1.5462e-07
507.8	1.5451e-07
508.0	1.5439e-07
508.2	1.5428e-07
508.4	1.5416e-07
508.6	1.5405e-07
508.8	1.5394e-07
509.0	1.5382e-07
509.2	1.5371e-07
509.4	1.5359e-07
509.6	1.5348e-07
509.8	1.5337e-07
510.0	1.5325e-07
510.2	1.5314e-07
510.4	1.5303e-07
510.6	1.5291e-07
510.8	1.528e-07
511.0	1.5269e-07
511.2	1.5258e-07
511.4	1.5246e-07
511.6	1.5235e-07
511.8	1.5224e-07
512.0	1.521e-07
512.2	1.5191e-07
512.4	1.5172e-07
512.6	1.5153e-07
512.8	1.5134e-07
513.0	1.5115e-07
513.2	1.5096e-07
513.4	1.5076e-07
513.6	1.5057e-07
513.8	1.5039e-07
514.0	1.502e-07
514.2	1.5001e-07
514.4	1.4982e-07
514.6	1.4963e-07
514.8	1.4944e-07
515.0	1.4925e-07
515.2	1.4906e-07
515.4	1.4887e-07
515.6	1.4869e-07
515.8	1.485e-07
516.0	1.4831e-07
516.2	1.4813e-07
516.4	1.4794e-07
516.6	1.4775e-07
516.8	1.4757e-07
517.0	1.4691e-07
517.2	1.4587e-07
517.4	1.4484e-07
517.6	1.4381e-07
517.8	1.4279e-07
518.0	1.4178e-07
518.2	1.4077e-07
518.4	1.3978e-07
518.6	1.3878e-07
518.8	1.378e-07
519.0	1.3682e-07
519.2	1.3585e-07
519.4	1.3489e-07
519.6	1.3393e-07
519.8	1.3298e-07
520.0	1.3204e-07
520.2	1.311e-07
520.4	1.3017e-07
520.6	1.2925e-07
520.8	1.2833e-07
521.0	1.2742e-07
521.2	1.2652e-07
521.4	1.2562e-07
521.6	1.2473e-07
521.8	1.2387e-07
522.0	1.2343e-07
522.2	1.2299e-07
522.4	1.2256e-07
522.6	1.2213e-07
522.8	1.217e-07
523.0	1.2127e-07
523.2	1.2084e-07
523.4	1.2041e-07
523.6	1.1999e-07
523.8	1.1957e-07
524.0	1.1914e-07
524.2	1.1872e-07
524.4	1.183e-07
524.6	1.1789e-07
524.8	1.1747e-07
525.0	1.1706e-07
525.2	1.1664e-07
525.4	1.1623e-07
525.6	1.1582e-07
525.8	1.1541e-07
526.0	1.1501e-07
526.2	1.146e-07
526.4	1.142e-07
526.6	1.1379e-07
526.8	1.1378e-07
527.0	1.1408e-07
527.2	1.1438e-07
527.4	1.1468e-07
527.6	1.1498e-07
527.8	1.1528e-07
528.0	1.1559e-07
528.2	1.1589e-07
528.4	1.162e-07
528.6	1.165e-07
528.8	1.1681e-07
529.0	1.1712e-07
529.2	1.1743e-07
529.4	1.1774e-07
529.6	1.1805e-07
529.8	1.1836e-07
530.0	1.1867e-07
530.2	1.1898e-07
530.4	1.193e-07
530.6	1.1961e-07
530.8	1.1993e-07
531.0	1.2024e-07
531.2	1.2056e-07
531.4	1.2088e-07
531.6	1.2118e-07
531.8	1.2121e-07
532.0	1.2123e-07
532.2	1.2126e-07
532.4	1.2129e-07
532.6	1.2131e-07
532.8	1.2134e-07
533.0	1.2137e-07
533.2	1.2139e-07
533.4	1.2142e-07
533.6	1.2145e-07
533.8	1.2148e-07
534.0	1.215e-07
534.2	1.2153e-07
534.4	1.2156e-07
534.6	1.2158e-07
534.8	1.2161e-07
535.0	1.2164e-07
535.2	1.2166e-07
535.4	1.2169e-07
535.6	1.2172e-07
535.8	1.2174e-07
536.0	1.2177e-07
536.2	1.218e-07
536.4	1.2183e-07
536.6	1.2196e-07
536.8	1.2217e-07
537.0	1.2239e-07
537.2	1.2261e-07
537.4	1.2283e-07
537.6	1.2305e-07
537.8	1.2327e-07
538.0	1.2349e-07
538.2	1.2371e-07
538.4	1.2393e-07
538.6	1.2415e-07
538.8	1.2437e-07
539.0	1.2459e-07
539.2	1.2481e-07
539.4	1.2503e-07
539.6	1.2526e-07
539.8	1.2548e-07
540.0	1.257e-07
540.2	1.2593e-07
540.4	1.2615e-07
540.6	1.2638e-07
540.8	1.266e-07
541.0	1.2683e-07
541.2	1.2705e-07
541.4	1.2729e-07
541.6	1.2779e-07
541.8	1.283e-07
542.0	1.288e-07
542.2	1.2931e-07
542.4	1.2982e-07
542.6	1.3033e-07
542.8	1.3085e-07
543.0	1.3136e-07
543.2	1.3188e-07
543.4	1.324e-07
543.6	1.3292e-07
543.8	1.3344e-07
544.0	1.3397e-07
544.2	1.345e-07
544.4	1.3503e-07
544.6	1.3556e-07
544.8	1.361e-07
545.0	1.3694e-07
545.2	1.3844e-07
545.4	1.3995e-07
545.6	1.4148e-07
545.8	1.4302e-07
546.0	1.4459e-07
546.2	1.4617e-07
546.4	1.4776e-07
546.6	1.4938e-07
546.8	1.5101e-07
547.0	1.5266e-07
547.2	1.5433e-07
547.4	1.5601e-07
547.6	1.5772e-07
547.8	1.5944e-07
548.0	1.6118e-07
548.2	1.6294e-07
548.4	1.6472e-07
548.6	1.6681e-07
548.8	1.6904e-07
549.0	1.713e-07
549.2	1.7358e-07
549.4	1.759e-07
549.6	1.7825e-07
549.8	1.8063e-07
550.0	1.8304e-07
550.2	1.8548e-07
550.4	1.8795e-07
550.6	1.9046e-07
550.8	1.7612e-07
551.0	1.619e-07
551.2	1.4883e-07
551.4	1.3682e-07
551.6	1.2578e-07
551.8	1.1562e-07
552.0	1.0629e-07
552.2	1.0e-07
552.4	1.0e-07
552.6	1.0e-07
552.8	1.0e-07
553.0	1.0e-07
553.2	1.1063e-07
553.4	1.6575e-07
553.6	1.51e-07
553.8	1.1908e-07
554.0	1.0e-07
554.2	1.0e-07
554.4	1.0e-07
554.6	1.0e-07
554.8	1.0e-07
555.0	1.0e-07
555.2	1.0e-07
555.4	1.0e-07
555.6	1.0e-07
555.8	1.0496e-07
556.0	1.2739e-07
556.2	1.2183e-07
556.4	1.0873e-07
556.6	1.0e-07
556.8	1.0e-07
557.0	1.0e-07
557.2	1.0e-07
557.4	1.0e-07
557.6	1.0e-07
557.8	1.0e-07
558.0	1.0e-07
558.2	1.0e-07
558.4	1.0e-07
558.6	1.0e-07
558.8	1.0e-07
559.0	1.0e-07
559.2	1.0e-07
559.4	1.0e-07
559.6	1.0e-07
559.8	1.0e-07
560.0	1.0e-07
560.2	1.0e-07
560.4	1.0e-07
560.6	1.0006e-07
560.8	1.0013e-07
561.0	1.1072e-07
561.2	1.6383e-07
561.4	1.4882e-07
561.6	1.1826e-07
561.8	1.0959e-07
562.0	1.5382e-07
562.2	2.159e-07
562.4	3.0962e-07
562.6	4.2948e-07
562.8	5.4015e-07
563.0	6.7933e-07
563.2	9.3985e-07
563.4	1.3357e-06
563.6	1.9203e-06
563.8	2.8504e-06
564.0	4.1228e-06
564.2	5.9223e-06
564.4	8.5964e-06
564.6	1.2817e-05
564.8	1.9109e-05
565.0	2.6222e-05
565.2	3.9531e-05
565.4	6.0626e-05
565.6	9.6028e-05
565.8	1.4816e-04
566.0	2.4152e-04
566.2	3.9654e-04
566.4	7.3947e-04
566.6	0.00125
566.8	0.00217
567.0	0.00391
567.2	0.00723
567.4	0.01392
567.6	0.02969
567.8	0.06244
568.0	0.12868
568.2	0.25429
568.4	0.45826
568.6	0.69136
568.8	0.86372
569.0	0.94467
569.2	0.96545
569.4	0.97026
569.6	0.97188
569.8	0.97236
570.0	0.97399
570.2	0.97454
570.4	0.97571
570.6	0.97754
570.8	0.9793
571.0	0.98147
571.2	0.98331
571.4	0.9845
571.6	0.9849
571.8	0.98429
572.0	0.98386
572.2	0.98195
572.4	0.98071
572.6	0.98007
572.8	0.97903
573.0	0.97878
573.2	0.9796
573.4	0.98057
573.6	0.98221
573.8	0.98394
574.0	0.98593
574.2	0.98727
574.4	0.98854
574.6	0.98937
574.8	0.98948
575.0	0.98969
575.2	0.98874
575.4	0.98784
575.6	0.98698
575.8	0.98607
576.0	0.98458
576.2	0.9842
576.4	0.98349
576.6	0.98373
576.8	0.9829
577.0	0.98377
577.2	0.98443
577.4	0.98548
577.6	0.98673
577.8	0.98781
578.0	0.98874
578.2	0.99038
578.4	0.9902
578.6	0.99027
578.8	0.99066
579.0	0.98991
579.2	0.98936
579.4	0.9884
579.6	0.98719
579.8	0.9866
580.0	0.98599
580.2	0.98506
580.4	0.98501
580.6	0.98503
580.8	0.98458
581.0	0.98561
581.2	0.98657
581.4	0.98665
581.6	0.98817
581.8	0.9881
582.0	0.98929
582.2	0.99
582.4	0.98985
582.6	0.99007
582.8	0.98989
583.0	0.9896
583.2	0.98987
583.4	0.98881
583.6	0.98802
583.8	0.98797
584.0	0.98773
584.2	0.98652
584.4	0.98651
584.6	0.98558
584.8	0.98615
585.0	0.98596
585.2	0.98564
585.4	0.98593
585.6	0.98643
585.8	0.98655
586.0	0.98757
586.2	0.98791
586.4	0.98883
586.6	0.98955
586.8	0.99097
587.0	0.99057
587.2	0.99102
587.4	0.99079
587.6	0.99049
587.8	0.99
588.0	0.98918
588.2	0.98807
588.4	0.98705
588.6	0.98649
588.8	0.98615
589.0	0.98548
589.2	0.98475
589.4	0.98527
589.6	0.98534
589.8	0.98579
590.0	0.98592
590.2	0.9864
590.4	0.98707
590.6	0.98688
590.8	0.98754
591.0	0.98837
591.2	0.98844
591.4	0.98839
591.6	0.98843
591.8	0.98887
592.0	0.98971
592.2	0.98995
592.4	0.9906
592.6	0.9908
592.8	0.99078
593.0	0.99054
593.2	0.99028
593.4	0.98972
593.6	0.98887
593.8	0.98761
594.0	0.98672
594.2	0.98542
594.4	0.98539
594.6	0.9846
594.8	0.98403
595.0	0.98404
595.2	0.98441
595.4	0.98439
595.6	0.98497
595.8	0.986
596.0	0.98632
596.2	0.98632
596.4	0.9873
596.6	0.98759
596.8	0.98747
597.0	0.98758
597.2	0.98777
597.4	0.98691
597.6	0.98698
597.8	0.98679
598.0	0.98709
598.2	0.98633
598.4	0.98615
598.6	0.98622
598.8	0.98543
599.0	0.98573
599.2	0.98572
599.4	0.98567
599.6	0.98586
599.8	0.98545
600.0	0.986
600.2	0.98574
600.4	0.98524
600.6	0.98453
600.8	0.98442
601.0	0.98361
601.2	0.98245
601.4	0.9813
601.6	0.98152
601.8	0.98156
602.0	0.98209
602.2	0.9816
602.4	0.98282
602.6	0.98315
602.8	0.98355
603.0	0.98407
603.2	0.98439
603.4	0.98378
603.6	0.98481
603.8	0.98474
604.0	0.98509
604.2	0.98532
604.4	0.98552
604.6	0.98573
604.8	0.98664
605.0	0.9869
605.2	0.98648
605.4	0.98583
605.6	0.98424
605.8	0.9835
606.0	0.98269
606.2	0.98155
606.4	0.98168
606.6	0.98215
606.8	0.98341
607.0	0.98398
607.2	0.98435
607.4	0.9837
607.6	0.98372
607.8	0.98203
608.0	0.97994
608.2	0.97785
608.4	0.97805
608.6	0.97821
608.8	0.97771
609.0	0.9768
609.2	0.97568
609.4	0.97433
609.6	0.97281
609.8	0.97246
610.0	0.97234
610.2	0.97193
610.4	0.9708
610.6	0.96852
610.8	0.96474
611.0	0.95432
611.2	0.92294
611.4	0.88729
611.6	0.76337
611.8	0.56405
612.0	0.32562
612.2	0.14143
612.4	0.04961
612.6	0.01569
612.8	0.00413
613.0	0.00148
613.2	6.003e-04
613.4	2.8934e-04
613.6	1.6627e-04
613.8	1.0714e-04
614.0	1.5882e-05
614.2	7.0194e-06
614.4	3.5786e-06
614.6	2.2936e-06
614.8	1.3811e-06
615.0	9.3479e-07
615.2	3.9735e-07
615.4	1.5887e-07
615.6	1.324e-07
615.8	1.3233e-07
616.0	2.3499e-07
616.2	1.3045e-07
616.4	1.0e-07
616.6	1.0e-07
616.8	1.2607e-07
617.0	1.6593e-07
617.2	4.6936e-07
617.4	1.7525e-07
617.6	1.9231e-07
617.8	1.0e-07
618.0	1.0e-07
618.2	1.0e-07
618.4	1.0166e-07
618.6	1.3863e-07
618.8	1.0e-07
619.0	1.0363e-07
619.2	1.0e-07
619.4	1.0927e-07
619.6	2.4247e-07
619.8	1.0e-07
620.0	1.3108e-07
620.2	1.965e-07
620.4	1.0926e-07
620.6	1.0e-07
620.8	1.1394e-07
621.0	1.9723e-07
621.2	1.5546e-07
621.4	1.2072e-07
621.6	1.0e-07
621.8	1.2941e-07
622.0	1.0e-07
622.2	1.0e-07
622.4	2.859e-07
622.6	1.7783e-07
622.8	1.2915e-07
623.0	1.1172e-07
623.2	1.0e-07
623.4	1.0e-07
623.6	1.0034e-07
623.8	1.8751e-07
624.0	1.99e-07
624.2	1.0e-07
624.4	1.0e-07
624.6	1.0e-07
624.8	1.2504e-07
625.0	2.9785e-07
625.2	1.604e-07
625.4	1.9691e-07
625.6	1.0534e-07
625.8	1.1137e-07
626.0	1.0e-07
626.2	1.7246e-07
626.4	2.4114e-07
626.6	1.0e-07
626.8	1.0e-07
627.0	1.09e-07
627.2	1.1881e-07
627.4	1.2949e-07
627.6	1.4115e-07
627.8	1.5385e-07
628.0	1.6769e-07
628.2	1.8187e-07
628.4	1.7943e-07
628.6	1.7703e-07
628.8	1.7465e-07
629.0	1.7231e-07
629.2	1.7e-07
629.4	1.6772e-07
629.6	1.6547e-07
629.8	1.6326e-07
630.0	1.6107e-07
630.2	1.5891e-07
630.4	1.5678e-07
630.6	1.5468e-07
630.8	1.526e-07
631.0	1.5056e-07
631.2	1.4854e-07
631.4	1.4655e-07
631.6	1.4458e-07
631.8	1.432e-07
632.0	1.4229e-07
632.2	1.4139e-07
632.4	1.4049e-07
632.6	1.396e-07
632.8	1.3872e-07
633.0	1.3784e-07
633.2	1.3696e-07
633.4	1.361e-07
633.6	1.3523e-07
633.8	1.3438e-07
634.0	1.3352e-07
634.2	1.3268e-07
634.4	1.3184e-07
634.6	1.31e-07
634.8	1.3017e-07
635.0	1.2934e-07
635.2	1.2852e-07
635.4	1.2771e-07
635.6	1.269e-07
635.8	1.2609e-07
636.0	1.2529e-07
636.2	1.245e-07
636.4	1.2371e-07
636.6	1.2294e-07
636.8	1.227e-07
637.0	1.2246e-07
637.2	1.2222e-07
637.4	1.2198e-07
637.6	1.2174e-07
637.8	1.215e-07
638.0	1.2126e-07
638.2	1.2102e-07
638.4	1.2078e-07
638.6	1.2055e-07
638.8	1.2031e-07
639.0	1.2007e-07
639.2	1.1984e-07
639.4	1.196e-07
639.6	1.1937e-07
639.8	1.1913e-07
640.0	1.189e-07
640.2	1.1867e-07
640.4	1.1843e-07
640.6	1.182e-07
640.8	1.1797e-07
641.0	1.1774e-07
641.2	1.175e-07
641.4	1.1727e-07
641.6	1.1678e-07
641.8	1.1602e-07
642.0	1.1528e-07
642.2	1.1453e-07
642.4	1.1379e-07
642.6	1.1306e-07
642.8	1.1233e-07
643.0	1.1161e-07
643.2	1.1089e-07
643.4	1.1018e-07
643.6	1.0947e-07
643.8	1.0876e-07
644.0	1.0806e-07
644.2	1.0736e-07
644.4	1.0667e-07
644.6	1.0598e-07
644.8	1.053e-07
645.0	1.0462e-07
645.2	1.0395e-07
645.4	1.0328e-07
645.6	1.0261e-07
645.8	1.0195e-07
646.0	1.0129e-07
646.2	1.0064e-07
646.4	1.0e-07
646.6	1.0e-07
646.8	1.0e-07
647.0	1.0e-07
647.2	1.0e-07
647.4	1.0e-07
647.6	1.0e-07
647.8	1.0e-07
648.0	1.0e-07
648.2	1.0e-07
648.4	1.0e-07
648.6	1.0e-07
648.8	1.0e-07
649.0	1.0e-07
649.2	1.0e-07
649.4	1.0e-07
649.6	1.0e-07
649.8	1.0e-07
650.0	1.0e-07
650.2	1.0e-07
650.4	1.0e-07
650.6	1.0e-07
650.8	1.0e-07
651.0	1.0e-07
651.2	1.0e-07
651.4	1.0e-07
651.6	1.0e-07
651.8	1.0e-07
652.0	1.0e-07
652.2	1.0e-07
652.4	1.0e-07
652.6	1.0e-07
652.8	1.0e-07
653.0	1.0e-07
653.2	1.0e-07
653.4	1.0e-07
653.6	1.0e-07
653.8	1.0e-07
654.0	1.0e-07
654.2	1.0e-07
654.4	1.0e-07
654.6	1.0e-07
654.8	1.0e-07
655.0	1.0e-07
655.2	1.0e-07
655.4	1.0e-07
655.6	1.0e-07
655.8	1.0e-07
656.0	1.0e-07
656.2	1.0e-07
656.4	1.0e-07
656.6	1.0e-07
656.8	1.0e-07
657.0	1.0e-07
657.2	1.0e-07
657.4	1.0e-07
657.6	1.0e-07
657.8	1.0e-07
658.0	1.0e-07
658.2	1.0e-07
658.4	1.0e-07
658.6	1.0e-07
658.8	1.0e-07
659.0	1.0e-07
659.2	1.0e-07
659.4	1.0e-07
659.6	1.0e-07
659.8	1.0e-07
660.0	1.0e-07
660.2	1.0e-07
660.4	1.0e-07
660.6	1.0e-07
660.8	1.0e-07
661.0	1.0e-07
661.2	1.0e-07
661.4	1.0e-07
661.6	1.0e-07
661.8	1.0e-07
662.0	1.0e-07
662.2	1.0e-07
662.4	1.0e-07
662.6	1.0e-07
662.8	1.0e-07
663.0	1.0e-07
663.2	1.0e-07
663.4	1.0e-07
663.6	1.0e-07
663.8	1.0e-07
664.0	1.0e-07
664.2	1.0e-07
664.4	1.0e-07
664.6	1.0e-07
664.8	1.0e-07
665.0	1.0e-07
665.2	1.0e-07
665.4	1.0e-07
665.6	1.0e-07
665.8	1.0e-07
666.0	1.0e-07
666.2	1.0e-07
666.4	1.0e-07
666.6	1.0e-07
666.8	1.0e-07
667.0	1.0e-07
667.2	1.0e-07
667.4	1.0e-07
667.6	1.0e-07
667.8	1.0e-07
668.0	1.0e-07
668.2	1.0e-07
668.4	1.0e-07
668.6	1.0e-07
668.8	1.0e-07
669.0	1.0e-07
669.2	1.0e-07
669.4	1.0e-07
669.6	1.0e-07
669.8	1.0e-07
670.0	1.0e-07
670.2	1.0e-07
670.4	1.0e-07
670.6	1.0e-07
670.8	1.0e-07
671.0	1.0e-07
671.2	1.0e-07
671.4	1.0e-07
671.6	1.0e-07
671.8	1.0e-07
672.0	1.0e-07
672.2	1.0e-07
672.4	1.0e-07
672.6	1.0e-07
672.8	1.0e-07
673.0	1.0e-07
673.2	1.0e-07
673.4	1.0e-07
673.6	1.0e-07
673.8	1.0e-07
674.0	1.0e-07
674.2	1.0e-07
674.4	1.0e-07
674.6	1.0e-07
674.8	1.0e-07
675.0	1.0e-07
675.2	1.0e-07
675.4	1.0e-07
675.6	1.0e-07
675.8	1.0e-07
676.0	1.0e-07
676.2	1.0e-07
676.4	1.0e-07
676.6	1.0e-07
676.8	1.0e-07
677.0	1.0e-07
677.2	1.0e-07
677.4	1.0e-07
677.6	1.0e-07
677.8	1.0e-07
678.0	1.0e-07
678.2	1.0e-07
678.4	1.0e-07
678.6	1.0e-07
678.8	1.0e-07
679.0	1.0e-07
679.2	1.0e-07
679.4	1.0e-07
679.6	1.0e-07
679.8	1.0e-07
680.0	1.0e-07
680.2	1.0e-07
680.4	1.0e-07
680.6	1.0e-07
680.8	1.0e-07
681.0	1.0e-07
681.2	1.0e-07
681.4	1.0e-07
681.6	1.0e-07
681.8	1.0e-07
682.0	1.0e-07
682.2	1.0e-07
682.4	1.0e-07
682.6	1.0e-07
682.8	1.0e-07
683.0	1.0e-07
683.2	1.0e-07
683.4	1.0e-07
683.6	1.0e-07
683.8	1.0e-07
684.0	1.0e-07
684.2	1.0e-07
684.4	1.0e-07
684.6	1.0e-07
684.8	1.0e-07
685.0	1.0e-07
685.2	1.0e-07
685.4	1.0e-07
685.6	1.0e-07
685.8	1.0e-07
686.0	1.0e-07
686.2	1.0e-07
686.4	1.0e-07
686.6	1.0e-07
686.8	1.0e-07
687.0	1.0e-07
687.2	1.0e-07
687.4	1.0e-07
687.6	1.0e-07
687.8	1.0e-07
688.0	1.0e-07
688.2	1.0e-07
688.4	1.0e-07
688.6	1.0e-07
688.8	1.0e-07
689.0	1.0e-07
689.2	1.0e-07
689.4	1.0e-07
689.6	1.0e-07
689.8	1.0e-07
690.0	1.0e-07
690.2	1.0e-07
690.4	1.0e-07
690.6	1.0e-07
690.8	1.0e-07
691.0	1.0e-07
691.2	1.0e-07
691.4	1.0e-07
691.6	1.0e-07
691.8	1.0e-07
692.0	1.0e-07
692.2	1.0e-07
692.4	1.0e-07
692.6	1.0e-07
692.8	1.0e-07
693.0	1.0e-07
693.2	1.0e-07
693.4	1.0e-07
693.6	1.0e-07
693.8	1.0e-07
694.0	1.0e-07
694.2	1.0e-07
694.4	1.0e-07
694.6	1.0e-07
694.8	1.0e-07
695.0	1.0e-07
695.2	1.0e-07
695.4	1.0e-07
695.6	1.0e-07
695.8	1.0e-07
696.0	1.0e-07
696.2	1.0e-07
696.4	1.0e-07
696.6	1.0e-07
696.8	1.0e-07
697.0	1.0e-07
697.2	1.0e-07
697.4	1.0e-07
697.6	1.0e-07
697.8	1.0e-07
698.0	1.0e-07
698.2	1.0e-07
698.4	1.0e-07
698.6	1.0e-07
698.8	1.0e-07
699.0	1.0e-07
699.2	1.0e-07
699.4	1.0e-07
699.6	1.0e-07
699.8	1.0e-07
700.0	1.0e-07
700.2	1.0e-07
700.4	1.0e-07
700.6	1.0e-07
700.8	1.0e-07
701.0	1.0e-07
701.2	1.0e-07
701.4	1.0e-07
701.6	1.0e-07
701.8	1.0e-07
702.0	1.0e-07
702.2	1.0e-07
702.4	1.0e-07
702.6	1.0e-07
702.8	1.0e-07
703.0	1.0e-07
703.2	1.0e-07
703.4	1.0e-07
703.6	1.0e-07
703.8	1.0e-07
704.0	1.0e-07
704.2	1.0e-07
704.4	1.0e-07
704.6	1.0e-07
704.8	1.0e-07
705.0	1.0e-07
705.2	1.0e-07
705.4	1.0e-07
705.6	1.0e-07
705.8	1.0e-07
706.0	1.0e-07
706.2	1.0e-07
706.4	1.0e-07
706.6	1.0e-07
706.8	1.0e-07
707.0	1.0e-07
707.2	1.0e-07
707.4	1.0e-07
707.6	1.0e-07
707.8	1.0e-07
708.0	1.0e-07
708.2	1.0e-07
708.4	1.0e-07
708.6	1.0e-07
708.8	1.0e-07
709.0	1.0e-07
709.2	1.0e-07
709.4	1.0e-07
709.6	1.0e-07
709.8	1.0e-07
710.0	1.0e-07
710.2	1.0e-07
710.4	1.0e-07
710.6	1.0e-07
710.8	1.0e-07
711.0	1.0e-07
711.2	1.0e-07
711.4	1.0e-07
711.6	1.0e-07
711.8	1.0e-07
712.0	1.0e-07
712.2	1.0e-07
712.4	1.0e-07
712.6	1.0e-07
712.8	1.0e-07
713.0	1.0e-07
713.2	1.0e-07
713.4	1.0e-07
713.6	1.0e-07
713.8	1.0e-07
714.0	1.0e-07
714.2	1.0e-07
714.4	1.0e-07
714.6	1.0e-07
714.8	1.0e-07
715.0	1.0e-07
715.2	1.0e-07
715.4	1.0e-07
715.6	1.0e-07
715.8	1.0e-07
716.0	1.0e-07
716.2	1.0e-07
716.4	1.0e-07
716.6	1.0e-07
716.8	1.0e-07
717.0	1.0e-07
717.2	1.0e-07
717.4	1.0e-07
717.6	1.0e-07
717.8	1.0e-07
718.0	1.0e-07
718.2	1.0e-07
718.4	1.0e-07
718.6	1.0e-07
718.8	1.0e-07
719.0	1.0e-07
719.2	1.0e-07
719.4	1.0e-07
719.6	1.0e-07
719.8	1.0e-07
720.0	1.0e-07
720.2	1.0e-07
720.4	1.0e-07
720.6	1.0e-07
720.8	1.0e-07
721.0	1.0e-07
721.2	1.0e-07
721.4	1.0e-07
721.6	1.0e-07
721.8	1.0e-07
722.0	1.0e-07
722.2	1.0e-07
722.4	1.0e-07
722.6	1.0e-07
722.8	1.0e-07
723.0	1.0e-07
723.2	1.0e-07
723.4	1.0e-07
723.6	1.0e-07
723.8	1.0e-07
724.0	1.0e-07
724.2	1.0e-07
724.4	1.0e-07
724.6	1.0e-07
724.8	1.0e-07
725.0	1.0e-07
725.2	1.0e-07
725.4	1.0e-07
725.6	1.0e-07
725.8	1.0e-07
726.0	1.0e-07
726.2	1.0e-07
726.4	1.0e-07
726.6	1.0e-07
726.8	1.0e-07
727.0	1.0e-07
727.2	1.0e-07
727.4	1.0e-07
727.6	1.0e-07
727.8	1.0e-07
728.0	1.0e-07
728.2	1.0e-07
728.4	1.0e-07
728.6	1.0e-07
728.8	1.0e-07
729.0	1.0e-07
729.2	1.0e-07
729.4	1.0e-07
729.6	1.0e-07
729.8	1.0e-07
730.0	1.0e-07
730.2	1.0e-07
730.4	1.0e-07
730.6	1.0e-07
730.8	1.0e-07
731.0	1.0e-07
731.2	1.0e-07
731.4	1.0e-07
731.6	1.0e-07
731.8	1.0e-07
732.0	1.0e-07
732.2	1.0e-07
732.4	1.0e-07
732.6	1.0e-07
732.8	1.0e-07
733.0	1.0e-07
733.2	1.0e-07
733.4	1.0e-07
733.6	1.0e-07
733.8	1.0e-07
734.0	1.0e-07
734.2	1.0e-07
734.4	1.0e-07
734.6	1.0e-07
734.8	1.0e-07
735.0	1.0e-07
735.2	1.0e-07
735.4	1.0e-07
735.6	1.0e-07
735.8	1.0e-07
736.0	1.0e-07
736.2	1.0e-07
736.4	1.0e-07
736.6	1.0e-07
736.8	1.0e-07
737.0	1.0e-07
737.2	1.0e-07
737.4	1.0e-07
737.6	1.0e-07
737.8	1.0e-07
738.0	1.0e-07
738.2	1.0e-07
738.4	1.0e-07
738.6	1.0e-07
738.8	1.0e-07
739.0	1.0e-07
739.2	1.0e-07
739.4	1.0e-07
739.6	1.0e-07
739.8	1.0e-07
740.0	1.0e-07
740.2	1.0e-07
740.4	1.0e-07
740.6	1.0e-07
740.8	1.0e-07
741.0	1.0e-07
741.2	1.0e-07
741.4	1.0e-07
741.6	1.0e-07
741.8	1.0e-07
742.0	1.0e-07
742.2	1.0e-07
742.4	1.0e-07
742.6	1.0e-07
742.8	1.0e-07
743.0	1.0e-07
743.2	1.0e-07
743.4	1.0e-07
743.6	1.0e-07
743.8	1.0e-07
744.0	1.0e-07
744.2	1.0e-07
744.4	1.0e-07
744.6	1.0e-07
744.8	1.0e-07
745.0	1.0e-07
745.2	1.0e-07
745.4	1.0e-07
745.6	1.0e-07
745.8	1.0e-07
746.0	1.0e-07
746.2	1.0e-07
746.4	1.0e-07
746.6	1.0e-07
746.8	1.0e-07
747.0	1.0e-07
747.2	1.0e-07
747.4	1.0e-07
747.6	1.0e-07
747.8	1.0e-07
748.0	1.0e-07
748.2	1.0e-07
748.4	1.0e-07
748.6	1.0e-07
748.8	1.0e-07
749.0	1.0e-07
749.2	1.0e-07
749.4	1.0e-07
749.6	1.0e-07
749.8	1.0e-07
750.0	1.0e-07
750.2	1.0e-07
750.4	1.0e-07
750.6	1.0e-07
750.8	1.0e-07
751.0	1.0e-07
751.2	1.0e-07
751.4	1.0e-07
751.6	1.0e-07
751.8	1.0e-07
752.0	1.0e-07
752.2	1.0e-07
752.4	1.0e-07
752.6	1.0e-07
752.8	1.0e-07
753.0	1.0e-07
753.2	1.0e-07
753.4	1.0e-07
753.6	1.0e-07
753.8	1.0e-07
754.0	1.0e-07
754.2	1.0e-07
754.4	1.0e-07
754.6	1.0e-07
754.8	1.0e-07
755.0	1.0e-07
755.2	1.0e-07
755.4	1.0e-07
755.6	1.0e-07
755.8	1.0e-07
756.0	1.0e-07
756.2	1.0e-07
756.4	1.0e-07
756.6	1.0e-07
756.8	1.0e-07
757.0	1.0e-07
757.2	1.0e-07
757.4	1.0e-07
757.6	1.0e-07
757.8	1.0e-07
758.0	1.0e-07
758.2	1.0e-07
758.4	1.0e-07
758.6	1.0e-07
758.8	1.0e-07
759.0	1.0e-07
759.2	1.0e-07
759.4	1.0e-07
759.6	1.0e-07
759.8	1.0e-07
760.0	1.0e-07
760.2	1.0e-07
760.4	1.0e-07
760.6	1.0e-07
760.8	1.0e-07
761.0	1.0e-07
761.2	1.0e-07
761.4	1.0e-07
761.6	1.0e-07
761.8	1.0e-07
762.0	1.0e-07
762.2	1.0e-07
762.4	1.0e-07
762.6	1.0e-07
762.8	1.0e-07
763.0	1.0e-07
763.2	1.0e-07
763.4	1.0e-07
763.6	1.0e-07
763.8	1.0e-07
764.0	1.0e-07
764.2	1.0e-07
764.4	1.0e-07
764.6	1.0e-07
764.8	1.0e-07
765.0	1.0e-07
765.2	1.0e-07
765.4	1.0e-07
765.6	1.0e-07
765.8	1.0e-07
766.0	1.0e-07
766.2	1.0e-07
766.4	1.0e-07
766.6	1.0e-07
766.8	1.0e-07
767.0	1.0e-07
767.2	1.0e-07
767.4	1.0e-07
767.6	1.0e-07
767.8	1.0e-07
768.0	1.0e-07
768.2	1.0e-07
768.4	1.0e-07
768.6	1.0e-07
768.8	1.0e-07
769.0	1.0e-07
769.2	1.0e-07
769.4	1.0e-07
769.6	1.0e-07
769.8	1.0e-07
770.0	1.0e-07
770.2	1.0e-07
770.4	1.0e-07
770.6	1.0e-07
770.8	1.0e-07
771.0	1.0e-07
771.2	1.0e-07
771.4	1.0e-07
771.6	1.0e-07
771.8	1.0e-07
772.0	1.0e-07
772.2	1.0e-07
772.4	1.0e-07
772.6	1.0e-07
772.8	1.0e-07
773.0	1.0e-07
773.2	1.0e-07
773.4	1.0e-07
773.6	1.0e-07
773.8	1.0e-07
774.0	1.0e-07
774.2	1.0e-07
774.4	1.0e-07
774.6	1.0e-07
774.8	1.0e-07
775.0	1.0e-07
775.2	1.0e-07
775.4	1.0e-07
775.6	1.0e-07
775.8	1.0e-07
776.0	1.0e-07
776.2	1.0e-07
776.4	1.0e-07
776.6	1.0e-07
776.8	1.0e-07
777.0	1.0e-07
777.2	1.0e-07
777.4	1.0e-07
777.6	1.0e-07
777.8	1.0e-07
778.0	1.0e-07
778.2	1.0e-07
778.4	1.0e-07
778.6	1.0e-07
778.8	1.0e-07
779.0	1.0e-07
779.2	1.0e-07
779.4	1.0e-07
779.6	1.0e-07
779.8	1.0e-07
780.0	1.0e-07
780.2	1.0e-07
780.4	1.0e-07
780.6	1.0e-07
780.8	1.0e-07
781.0	1.0e-07
781.2	1.0e-07
781.4	1.0e-07
781.6	1.0e-07
781.8	1.0e-07
782.0	1.0e-07
782.2	1.0e-07
782.4	1.0e-07
782.6	1.0e-07
782.8	1.0e-07
783.0	1.0e-07
783.2	1.0e-07
783.4	1.0e-07
783.6	1.0e-07
783.8	1.0e-07
784.0	1.0e-07
784.2	1.0e-07
784.4	1.0e-07
784.6	1.0e-07
784.8	1.0e-07
785.0	1.0e-07
785.2	1.0e-07
785.4	1.0e-07
785.6	1.0e-07
785.8	1.0e-07
786.0	1.0e-07
786.2	1.0e-07
786.4	1.0e-07
786.6	1.0e-07
786.8	1.0e-07
787.0	1.0e-07
787.2	1.0e-07
787.4	1.0e-07
787.6	1.0e-07
787.8	1.0e-07
788.0	1.0e-07
788.2	1.0e-07
788.4	1.0e-07
788.6	1.0e-07
788.8	1.0e-07
789.0	1.0e-07
789.2	1.0e-07
789.4	1.0e-07
789.6	1.0e-07
789.8	1.0e-07
790.0	1.0e-07
790.2	1.0e-07
790.4	1.0e-07
790.6	1.0e-07
790.8	1.0e-07
791.0	1.0e-07
791.2	1.0e-07
791.4	1.0e-07
791.6	1.0e-07
791.8	1.0e-07
792.0	1.0e-07
792.2	1.0e-07
792.4	1.0e-07
792.6	1.0e-07
792.8	1.0e-07
793.0	1.0e-07
793.2	1.0e-07
793.4	1.0e-07
793.6	1.0115e-07
793.8	1.0942e-07
794.0	1.1837e-07
794.2	1.2805e-07
794.4	1.3852e-07
794.6	1.4985e-07
794.8	1.6211e-07
795.0	1.7536e-07
795.2	1.866e-07
795.4	1.9855e-07
795.6	2.1127e-07
795.8	2.248e-07
796.0	2.392e-07
796.2	2.5452e-07
796.4	2.7083e-07
796.6	2.8818e-07
796.8	3.0664e-07
797.0	3.2628e-07
797.2	3.4495e-07
797.4	3.4023e-07
797.6	3.3558e-07
797.8	3.3099e-07
798.0	3.2646e-07
798.2	3.2199e-07
798.4	3.1759e-07
798.6	3.1325e-07
798.8	3.0896e-07
799.0	3.0474e-07
799.2	3.0057e-07
799.4	2.9646e-07
799.6	2.924e-07
799.8	2.884e-07
800.0	2.8446e-07
800.2	2.8057e-07
800.4	2.7673e-07
800.6	2.7294e-07
800.8	2.6921e-07
801.0	3.0719e-07
801.2	3.5079e-07
801.4	4.0057e-07
801.6	4.5741e-07
801.8	5.2233e-07
802.0	5.9645e-07
802.2	6.811e-07
802.4	7.7776e-07
802.6	8.8813e-07
802.8	1.0142e-06
803.0	1.1581e-06
803.2	1.2352e-06
803.4	1.3175e-06
803.6	1.4053e-06
803.8	1.4989e-06
804.0	1.5987e-06
804.2	1.6851e-06
804.4	1.5643e-06
804.6	1.4522e-06
804.8	1.348e-06
805.0	1.2514e-06
805.2	1.1617e-06
805.4	1.0784e-06
805.6	1.001e-06
805.8	9.2927e-07
806.0	8.6264e-07
806.2	8.0079e-07
806.4	7.4337e-07
806.6	6.9007e-07
806.8	6.4059e-07
807.0	5.9466e-07
807.2	5.5202e-07
807.4	5.1244e-07
807.6	4.757e-07
807.8	4.4159e-07
808.0	4.6425e-07
808.2	4.9302e-07
808.4	5.2357e-07
808.6	5.5601e-07
808.8	5.9047e-07
809.0	6.2705e-07
809.2	6.6591e-07
809.4	7.0717e-07
809.6	7.51e-07
809.8	7.9753e-07
810.0	8.4695e-07
810.2	8.9943e-07
810.4	9.5517e-07
810.6	1.0144e-06
810.8	1.0772e-06
811.0	1.144e-06
811.2	1.2149e-06
811.4	1.2901e-06
811.6	1.1717e-06
811.8	1.0169e-06
812.0	8.8249e-07
812.2	7.6588e-07
812.4	6.6468e-07
812.6	5.7685e-07
812.8	5.0062e-07
813.0	4.3447e-07
813.2	3.7706e-07
813.4	3.2724e-07
813.6	2.84e-07
813.8	2.4647e-07
814.0	2.139e-07
814.2	1.8564e-07
814.4	1.6111e-07
814.6	1.3982e-07
814.8	1.2134e-07
815.0	1.0531e-07
815.2	1.0325e-07
815.4	1.0858e-07
815.6	1.1419e-07
815.8	1.2008e-07
816.0	1.2628e-07
816.2	1.328e-07
816.4	1.3966e-07
816.6	1.4687e-07
816.8	1.5446e-07
817.0	1.6243e-07
817.2	1.7082e-07
817.4	1.7964e-07
817.6	1.8892e-07
817.8	1.9867e-07
818.0	2.0893e-07
818.2	2.1972e-07
818.4	2.3106e-07
818.6	2.4299e-07
818.8	2.4299e-07
819.0	2.3105e-07
819.2	2.197e-07
819.4	2.089e-07
819.6	1.9863e-07
819.8	1.8887e-07
820.0	1.7959e-07
820.2	1.7077e-07
820.4	1.6238e-07
820.6	1.544e-07
820.8	1.4681e-07
821.0	1.3959e-07
821.2	1.3274e-07
821.4	1.2621e-07
821.6	1.2001e-07
821.8	1.1411e-07
822.0	1.0851e-07
822.2	1.0317e-07
822.4	1.0167e-07
822.6	1.0622e-07
822.8	1.1096e-07
823.0	1.1592e-07
823.2	1.2109e-07
823.4	1.265e-07
823.6	1.3215e-07
823.8	1.3806e-07
824.0	1.4422e-07
824.2	1.5067e-07
824.4	1.574e-07
824.6	1.6443e-07
824.8	1.7177e-07
825.0	1.7944e-07
825.2	1.8746e-07
825.4	1.9583e-07
825.6	2.0458e-07
825.8	2.1372e-07
826.0	2.2004e-07
826.2	2.1759e-07
826.4	2.1516e-07
826.6	2.1276e-07
826.8	2.1039e-07
827.0	2.0805e-07
827.2	2.0573e-07
827.4	2.0344e-07
827.6	2.0117e-07
827.8	1.9893e-07
828.0	1.9671e-07
828.2	1.9452e-07
828.4	1.9235e-07
828.6	1.9021e-07
828.8	1.8809e-07
829.0	1.86e-07
829.2	1.8392e-07
829.4	1.8187e-07
829.6	1.7922e-07
829.8	1.7348e-07
830.0	1.6792e-07
830.2	1.6255e-07
830.4	1.5734e-07
830.6	1.5231e-07
830.8	1.4743e-07
831.0	1.4271e-07
831.2	1.3814e-07
831.4	1.3372e-07
831.6	1.2944e-07
831.8	1.2529e-07
832.0	1.2128e-07
832.2	1.174e-07
832.4	1.1364e-07
832.6	1.1e-07
832.8	1.0648e-07
833.0	1.0307e-07
833.2	1.0015e-07
833.4	1.0228e-07
833.6	1.0446e-07
833.8	1.0668e-07
834.0	1.0896e-07
834.2	1.1128e-07
834.4	1.1365e-07
834.6	1.1607e-07
834.8	1.1854e-07
835.0	1.2106e-07
835.2	1.2364e-07
835.4	1.2627e-07
835.6	1.2896e-07
835.8	1.3171e-07
836.0	1.3451e-07
836.2	1.3738e-07
836.4	1.4031e-07
836.6	1.4329e-07
836.8	1.4635e-07
837.0	1.4338e-07
837.2	1.4039e-07
837.4	1.3746e-07
837.6	1.3459e-07
837.8	1.3179e-07
838.0	1.2904e-07
838.2	1.2634e-07
838.4	1.2371e-07
838.6	1.2113e-07
838.8	1.186e-07
839.0	1.1612e-07
839.2	1.137e-07
839.4	1.1133e-07
839.6	1.0901e-07
839.8	1.0673e-07
840.0	1.0451e-07
840.2	1.0232e-07
840.4	1.0019e-07
840.6	1.0e-07
840.8	1.0e-07
841.0	1.0e-07
841.2	1.0e-07
841.4	1.0e-07
841.6	1.0e-07
841.8	1.0e-07
842.0	1.0e-07
842.2	1.0e-07
842.4	1.0e-07
842.6	1.0e-07
842.8	1.0e-07
843.0	1.0e-07
843.2	1.0e-07
843.4	1.0e-07
843.6	1.0e-07
843.8	1.0e-07
844.0	1.0e-07
844.2	1.0458e-07
844.4	1.1028e-07
844.6	1.1628e-07
844.8	1.2262e-07
845.0	1.2929e-07
845.2	1.3633e-07
845.4	1.4376e-07
845.6	1.5159e-07
845.8	1.5984e-07
846.0	1.6855e-07
846.2	1.7772e-07
846.4	1.874e-07
846.6	1.9761e-07
846.8	2.0837e-07
847.0	2.1972e-07
847.2	2.3168e-07
847.4	2.443e-07
847.6	2.576e-07
847.8	2.6003e-07
848.0	2.5946e-07
848.2	2.5888e-07
848.4	2.5831e-07
848.6	2.5774e-07
848.8	2.5717e-07
849.0	2.5661e-07
849.2	2.5604e-07
849.4	2.5548e-07
849.6	2.5491e-07
849.8	2.5435e-07
850.0	2.5379e-07
850.2	2.5323e-07
850.4	2.5267e-07
850.6	2.5211e-07
850.8	2.5155e-07
851.0	2.51e-07
851.2	2.5045e-07
851.4	2.41e-07
851.6	2.2905e-07
851.8	2.1769e-07
852.0	2.0689e-07
852.2	1.9663e-07
852.4	1.8688e-07
852.6	1.7762e-07
852.8	1.6881e-07
853.0	1.6044e-07
853.2	1.5248e-07
853.4	1.4492e-07
853.6	1.3773e-07
853.8	1.309e-07
854.0	1.2441e-07
854.2	1.1824e-07
854.4	1.1238e-07
854.6	1.0681e-07
854.8	1.0151e-07
855.0	1.0e-07
855.2	1.0e-07
855.4	1.0e-07
855.6	1.0e-07
855.8	1.0e-07
856.0	1.0e-07
856.2	1.0e-07
856.4	1.0e-07
856.6	1.0e-07
856.8	1.0e-07
857.0	1.0e-07
857.2	1.0e-07
857.4	1.0e-07
857.6	1.0e-07
857.8	1.0e-07
858.0	1.0e-07
858.2	1.0e-07
858.4	1.0e-07
858.6	1.0e-07
858.8	1.0e-07
859.0	1.0e-07
859.2	1.0e-07
859.4	1.0e-07
859.6	1.0e-07
859.8	1.0e-07
860.0	1.0e-07
860.2	1.0e-07
860.4	1.0e-07
860.6	1.0e-07
860.8	1.0e-07
861.0	1.0e-07
861.2	1.0e-07
861.4	1.0e-07
861.6	1.0e-07
861.8	1.0e-07
862.0	1.0e-07
862.2	1.0e-07
862.4	1.0e-07
862.6	1.0e-07
862.8	1.0e-07
863.0	1.0e-07
863.2	1.0e-07
863.4	1.0e-07
863.6	1.0e-07
863.8	1.0e-07
864.0	1.0e-07
864.2	1.0e-07
864.4	1.0e-07
864.6	1.0e-07
864.8	1.0e-07
865.0	1.0e-07
865.2	1.0e-07
865.4	1.0e-07
865.6	1.0e-07
865.8	1.0e-07
866.0	1.0e-07
866.2	1.0e-07
866.4	1.0e-07
866.6	1.0e-07
866.8	1.0e-07
867.0	1.0e-07
867.2	1.0e-07
867.4	1.0e-07
867.6	1.0e-07
867.8	1.0e-07
868.0	1.0e-07
868.2	1.0e-07
868.4	1.0e-07
868.6	1.0e-07
868.8	1.0e-07
869.0	1.0e-07
869.2	1.0e-07
869.4	1.0e-07
869.6	1.0e-07
869.8	1.0e-07
870.0	1.0e-07
870.2	1.0e-07
870.4	1.0e-07
870.6	1.0e-07
870.8	1.0e-07
871.0	1.0e-07
871.2	1.0e-07
871.4	1.0e-07
871.6	1.0e-07
871.8	1.0e-07
872.0	1.0e-07
872.2	1.0e-07
872.4	1.0e-07
872.6	1.0e-07
872.8	1.0e-07
873.0	1.0e-07
873.2	1.0e-07
873.4	1.0e-07
873.6	1.0e-07
873.8	1.0e-07
874.0	1.0e-07
874.2	1.0e-07
874.4	1.0e-07
874.6	1.0e-07
874.8	1.0e-07
875.0	1.0e-07
875.2	1.0e-07
875.4	1.0e-07
875.6	1.0e-07
875.8	1.0e-07
876.0	1.0e-07
876.2	1.0e-07
876.4	1.0e-07
876.6	1.0e-07
876.8	1.0e-07
877.0	1.0e-07
877.2	1.0e-07
877.4	1.0e-07
877.6	1.0e-07
877.8	1.0e-07
878.0	1.0e-07
878.2	1.0e-07
878.4	1.0e-07
878.6	1.0e-07
878.8	1.0e-07
879.0	1.0e-07
879.2	1.0e-07
879.4	1.0e-07
879.6	1.0e-07
879.8	1.0e-07
880.0	1.0e-07
880.2	1.0e-07
880.4	1.0e-07
880.6	1.0e-07
880.8	1.0e-07
881.0	1.0e-07
881.2	1.0e-07
881.4	1.0e-07
881.6	1.0e-07
881.8	1.0e-07
882.0	1.0e-07
882.2	1.0e-07
882.4	1.0e-07
882.6	1.0e-07
882.8	1.0e-07
883.0	1.0e-07
883.2	1.0e-07
883.4	1.0e-07
883.6	1.0e-07
883.8	1.0e-07
884.0	1.0e-07
884.2	1.0e-07
884.4	1.0e-07
884.6	1.0e-07
884.8	1.0e-07
885.0	1.0e-07
885.2	1.0e-07
885.4	1.0e-07
885.6	1.0e-07
885.8	1.0e-07
886.0	1.0e-07
886.2	1.0e-07
886.4	1.0e-07
886.6	1.0e-07
886.8	1.0e-07
887.0	1.0e-07
887.2	1.0e-07
887.4	1.0012e-07
887.6	1.0146e-07
887.8	1.0281e-07
888.0	1.0418e-07
888.2	1.0557e-07
888.4	1.0698e-07
888.6	1.0841e-07
888.8	1.0985e-07
889.0	1.1132e-07
889.2	1.128e-07
889.4	1.1431e-07
889.6	1.1583e-07
889.8	1.1738e-07
890.0	1.1894e-07
890.2	1.2053e-07
890.4	1.2214e-07
890.6	1.2377e-07
890.8	1.2542e-07
891.0	1.2743e-07
891.2	1.3497e-07
891.4	1.4295e-07
891.6	1.514e-07
891.8	1.6035e-07
892.0	1.6983e-07
892.2	1.7988e-07
892.4	1.9051e-07
892.6	2.0178e-07
892.8	2.1371e-07
893.0	2.2634e-07
893.2	2.3973e-07
893.4	2.539e-07
893.6	2.6892e-07
893.8	2.8482e-07
894.0	3.0166e-07
894.2	3.195e-07
894.4	3.3839e-07
894.6	3.5656e-07
894.8	3.3221e-07
895.0	3.0952e-07
895.2	2.8838e-07
895.4	2.6868e-07
895.6	2.5033e-07
895.8	2.3323e-07
896.0	2.173e-07
896.2	2.0246e-07
896.4	1.8863e-07
896.6	1.7574e-07
896.8	1.6374e-07
897.0	1.5256e-07
897.2	1.4214e-07
897.4	1.3243e-07
897.6	1.2338e-07
897.8	1.1496e-07
898.0	1.071e-07
898.2	1.0e-07
898.4	1.0e-07
898.6	1.0e-07
898.8	1.0e-07
899.0	1.0e-07
899.2	1.0e-07
899.4	1.0e-07
899.6	1.0e-07
899.8	1.0e-07
900.0	1.0e-07
900.2	1.0e-07
900.4	1.0e-07
900.6	1.0e-07
900.8	1.0e-07
901.0	1.0e-07
901.2	1.0e-07
901.4	1.0e-07
901.6	1.0e-07
901.8	1.0e-07
902.0	1.0e-07
902.2	1.0e-07
902.4	1.0e-07
902.6	1.0e-07
902.8	1.0e-07
903.0	1.0e-07
903.2	1.0e-07
903.4	1.0e-07
903.6	1.0e-07
903.8	1.0e-07
904.0	1.0e-07
904.2	1.0e-07
904.4	1.0e-07
904.6	1.0e-07
904.8	1.0e-07
905.0	1.0e-07
905.2	1.0e-07
905.4	1.0015e-07
905.6	1.0466e-07
905.8	1.0936e-07
906.0	1.1428e-07
906.2	1.1941e-07
906.4	1.2478e-07
906.6	1.3039e-07
906.8	1.3625e-07
907.0	1.4238e-07
907.2	1.4878e-07
907.4	1.5547e-07
907.6	1.6245e-07
907.8	1.6976e-07
908.0	1.7739e-07
908.2	1.8536e-07
908.4	1.937e-07
908.6	2.024e-07
908.8	2.115e-07
909.0	2.203e-07
909.2	2.1582e-07
909.4	2.1143e-07
909.6	2.0713e-07
909.8	2.0292e-07
910.0	1.988e-07
910.2	1.9475e-07
910.4	1.908e-07
910.6	1.8692e-07
910.8	1.8312e-07
911.0	1.7939e-07
911.2	1.7575e-07
911.4	1.7217e-07
911.6	1.6867e-07
911.8	1.6524e-07
912.0	1.6188e-07
912.2	1.5859e-07
912.4	1.5537e-07
912.6	1.526e-07
912.8	1.5429e-07
913.0	1.56e-07
913.2	1.5774e-07
913.4	1.5949e-07
913.6	1.6126e-07
913.8	1.6305e-07
914.0	1.6486e-07
914.2	1.6669e-07
914.4	1.6854e-07
914.6	1.7041e-07
914.8	1.723e-07
915.0	1.7422e-07
915.2	1.7615e-07
915.4	1.7811e-07
915.6	1.8009e-07
915.8	1.8209e-07
916.0	1.8411e-07
916.2	1.8608e-07
916.4	1.8754e-07
916.6	1.8901e-07
916.8	1.9049e-07
917.0	1.9199e-07
917.2	1.9349e-07
917.4	1.9501e-07
917.6	1.9654e-07
917.8	1.9808e-07
918.0	1.9963e-07
918.2	2.012e-07
918.4	2.0278e-07
918.6	2.0437e-07
918.8	2.0597e-07
919.0	2.0759e-07
919.2	2.0921e-07
919.4	2.1085e-07
919.6	2.1251e-07
919.8	2.1246e-07
920.0	2.0365e-07
920.2	1.952e-07
920.4	1.871e-07
920.6	1.7934e-07
920.8	1.719e-07
921.0	1.6477e-07
921.2	1.5793e-07
921.4	1.5138e-07
921.6	1.451e-07
921.8	1.3908e-07
922.0	1.3331e-07
922.2	1.2778e-07
922.4	1.2248e-07
922.6	1.174e-07
922.8	1.1253e-07
923.0	1.0786e-07
923.2	1.0338e-07
923.4	1.0e-07
923.6	1.0e-07
923.8	1.0e-07
924.0	1.0e-07
924.2	1.0e-07
924.4	1.0e-07
924.6	1.0e-07
924.8	1.0e-07
925.0	1.0e-07
925.2	1.0e-07
925.4	1.0e-07
925.6	1.0e-07
925.8	1.0e-07
926.0	1.0e-07
926.2	1.0e-07
926.4	1.0e-07
926.6	1.0e-07
926.8	1.0e-07
927.0	1.0e-07
927.2	1.0e-07
927.4	1.0e-07
927.6	1.0e-07
927.8	1.0e-07
928.0	1.0e-07
928.2	1.0e-07
928.4	1.0e-07
928.6	1.0e-07
928.8	1.0e-07
929.0	1.0e-07
929.2	1.0e-07
929.4	1.0e-07
929.6	1.0e-07
929.8	1.0e-07
930.0	1.0e-07
930.2	1.0e-07
930.4	1.0e-07
930.6	1.0e-07
930.8	1.0e-07
931.0	1.0e-07
931.2	1.0e-07
931.4	1.0e-07
931.6	1.0e-07
931.8	1.0e-07
932.0	1.0e-07
932.2	1.0e-07
932.4	1.0e-07
932.6	1.0e-07
932.8	1.0e-07
933.0	1.0e-07
933.2	1.0e-07
933.4	1.0e-07
933.6	1.0e-07
933.8	1.0e-07
934.0	1.0e-07
934.2	1.0e-07
934.4	1.0e-07
934.6	1.0e-07
934.8	1.0734e-07
935.0	1.1539e-07
935.2	1.2405e-07
935.4	1.3335e-07
935.6	1.4335e-07
935.8	1.541e-07
936.0	1.6565e-07
936.2	1.7807e-07
936.4	1.9142e-07
936.6	2.0578e-07
936.8	2.2121e-07
937.0	2.378e-07
937.2	2.5563e-07
937.4	2.748e-07
937.6	2.954e-07
937.8	3.1755e-07
938.0	3.4137e-07
938.2	3.659e-07
938.4	3.4037e-07
938.6	3.1661e-07
938.8	2.9451e-07
939.0	2.7396e-07
939.2	2.5484e-07
939.4	2.3705e-07
939.6	2.2051e-07
939.8	2.0512e-07
940.0	1.908e-07
940.2	1.7749e-07
940.4	1.651e-07
940.6	1.5358e-07
940.8	1.4286e-07
941.0	1.3289e-07
941.2	1.2361e-07
941.4	1.1499e-07
941.6	1.0696e-07
941.8	1.0061e-07
942.0	1.0977e-07
942.2	1.1976e-07
942.4	1.3066e-07
942.6	1.4255e-07
942.8	1.5552e-07
943.0	1.6968e-07
943.2	1.8512e-07
943.4	2.0197e-07
943.6	2.2035e-07
943.8	2.404e-07
944.0	2.6228e-07
944.2	2.8615e-07
944.4	3.1219e-07
944.6	3.406e-07
944.8	3.716e-07
945.0	4.0542e-07
945.2	4.4232e-07
945.4	4.7684e-07
945.6	4.7453e-07
945.8	4.7223e-07
946.0	4.6994e-07
946.2	4.6766e-07
946.4	4.6539e-07
946.6	4.6314e-07
946.8	4.6089e-07
947.0	4.5866e-07
947.2	4.5643e-07
947.4	4.5422e-07
947.6	4.5202e-07
947.8	4.4983e-07
948.0	4.4765e-07
948.2	4.4548e-07
948.4	4.4332e-07
948.6	4.4117e-07
948.8	4.3903e-07
949.0	4.366e-07
949.2	4.3298e-07
949.4	4.294e-07
949.6	4.2584e-07
949.8	4.2231e-07
950.0	4.1881e-07
950.2	4.1535e-07
950.4	4.119e-07
950.6	4.0849e-07
950.8	4.0511e-07
951.0	4.0175e-07
951.2	3.9842e-07
951.4	3.9512e-07
951.6	3.9185e-07
951.8	3.886e-07
952.0	3.8539e-07
952.2	3.8219e-07
952.4	3.7903e-07
952.6	3.7438e-07
952.8	3.6587e-07
953.0	3.5756e-07
953.2	3.4944e-07
953.4	3.415e-07
953.6	3.3375e-07
953.8	3.2617e-07
954.0	3.1876e-07
954.2	3.1152e-07
954.4	3.0444e-07
954.6	2.9753e-07
954.8	2.9077e-07
955.0	2.8416e-07
955.2	2.7771e-07
955.4	2.714e-07
955.6	2.6524e-07
955.8	2.5921e-07
956.0	2.5332e-07
956.2	2.4504e-07
956.4	2.3284e-07
956.6	2.2124e-07
956.8	2.1022e-07
957.0	1.9974e-07
957.2	1.8979e-07
957.4	1.8034e-07
957.6	1.7136e-07
957.8	1.6282e-07
958.0	1.5471e-07
958.2	1.47e-07
958.4	1.3968e-07
958.6	1.3272e-07
958.8	1.2611e-07
959.0	1.1983e-07
959.2	1.1386e-07
959.4	1.0819e-07
959.6	1.028e-07
959.8	1.0214e-07
960.0	1.0694e-07
960.2	1.1197e-07
960.4	1.1724e-07
960.6	1.2276e-07
960.8	1.2853e-07
961.0	1.3458e-07
961.2	1.4091e-07
961.4	1.4754e-07
961.6	1.5448e-07
961.8	1.6174e-07
962.0	1.6935e-07
962.2	1.7732e-07
962.4	1.8566e-07
962.6	1.9439e-07
962.8	2.0354e-07
963.0	2.1311e-07
963.2	2.2314e-07
963.4	2.3345e-07
963.6	2.441e-07
963.8	2.5524e-07
964.0	2.6688e-07
964.2	2.7906e-07
964.4	2.9179e-07
964.6	3.051e-07
964.8	3.1901e-07
965.0	3.3357e-07
965.2	3.4878e-07
965.4	3.6469e-07
965.6	3.8133e-07
965.8	3.9872e-07
966.0	4.1691e-07
966.2	4.3593e-07
966.4	4.5582e-07
966.6	4.7661e-07
966.8	4.9835e-07
967.0	4.9339e-07
967.2	4.7636e-07
967.4	4.5992e-07
967.6	4.4404e-07
967.8	4.2872e-07
968.0	4.1392e-07
968.2	3.9963e-07
968.4	3.8584e-07
968.6	3.7252e-07
968.8	3.5966e-07
969.0	3.4725e-07
969.2	3.3526e-07
969.4	3.2369e-07
969.6	3.1252e-07
969.8	3.0173e-07
970.0	2.9132e-07
970.2	2.8126e-07
970.4	2.7156e-07
970.6	2.5857e-07
970.8	2.4541e-07
971.0	2.3291e-07
971.2	2.2106e-07
971.4	2.098e-07
971.6	1.9912e-07
971.8	1.8899e-07
972.0	1.7936e-07
972.2	1.7135e-07
972.4	1.6369e-07
972.6	1.5637e-07
972.8	1.4938e-07
973.0	1.427e-07
973.2	1.3632e-07
973.4	1.3023e-07
973.6	1.2441e-07
973.8	1.1884e-07
974.0	1.1353e-07
974.2	1.0846e-07
974.4	1.0361e-07
974.6	1.0e-07
974.8	1.0e-07
975.0	1.0e-07
975.2	1.0e-07
975.4	1.0e-07
975.6	1.0e-07
975.8	1.0e-07
976.0	1.0e-07
976.2	1.0e-07
976.4	1.0e-07
976.6	1.0e-07
976.8	1.0e-07
977.0	1.0e-07
977.2	1.0e-07
977.4	1.0e-07
977.6	1.0e-07
977.8	1.0e-07
978.0	1.0e-07
978.2	1.0e-07
978.4	1.0e-07
978.6	1.0e-07
978.8	1.0e-07
979.0	1.0e-07
979.2	1.0e-07
979.4	1.0e-07
979.6	1.0e-07
979.8	1.0e-07
980.0	1.0e-07
980.2	1.0e-07
980.4	1.0e-07
980.6	1.0e-07
980.8	1.0e-07
981.0	1.0e-07
981.2	1.0e-07
981.4	1.0e-07
981.6	1.0e-07
981.8	1.0e-07
982.0	1.0e-07
982.2	1.0e-07
982.4	1.0e-07
982.6	1.0e-07
982.8	1.0e-07
983.0	1.0e-07
983.2	1.0e-07
983.4	1.0e-07
983.6	1.0e-07
983.8	1.0e-07
984.0	1.0e-07
984.2	1.0e-07
984.4	1.0e-07
984.6	1.0e-07
984.8	1.0e-07
985.0	1.0e-07
985.2	1.0e-07
985.4	1.0e-07
985.6	1.0e-07
985.8	1.0e-07
986.0	1.0e-07
986.2	1.0e-07
986.4	1.0e-07
986.6	1.0e-07
986.8	1.0e-07
987.0	1.0e-07
987.2	1.0e-07
987.4	1.0e-07
987.6	1.0e-07
987.8	1.0e-07
988.0	1.0e-07
988.2	1.0e-07
988.4	1.0e-07
988.6	1.0e-07
988.8	1.0e-07
989.0	1.0061e-07
989.2	1.0179e-07
989.4	1.0298e-07
989.6	1.0419e-07
989.8	1.0541e-07
990.0	1.0665e-07
990.2	1.079e-07
990.4	1.0916e-07
990.6	1.1044e-07
990.8	1.1174e-07
991.0	1.1305e-07
991.2	1.1437e-07
991.4	1.1571e-07
991.6	1.1707e-07
991.8	1.1844e-07
992.0	1.1983e-07
992.2	1.2124e-07
992.4	1.2266e-07
992.6	1.2233e-07
992.8	1.2091e-07
993.0	1.1951e-07
993.2	1.1812e-07
993.4	1.1675e-07
993.6	1.154e-07
993.8	1.1406e-07
994.0	1.1274e-07
994.2	1.1143e-07
994.4	1.1014e-07
994.6	1.0886e-07
994.8	1.076e-07
995.0	1.0635e-07
995.2	1.0512e-07
995.4	1.039e-07
995.6	1.027e-07
995.8	1.015e-07
996.0	1.0033e-07
996.2	1.0e-07
996.4	1.0e-07
996.6	1.0e-07
996.8	1.0e-07
997.0	1.0e-07
997.2	1.0e-07
997.4	1.0e-07
997.6	1.0e-07
997.8	1.0e-07
998.0	1.0e-07
998.2	1.0e-07
998.4	1.0e-07
998.6	1.0e-07
998.8	1.0e-07
999.0	1.0e-07
999.2	1.0e-07
999.4	1.0e-07
999.6	1.0e-07
999.8	1.0e-07
1000.0	1.0e-07
1000.2	1.0e-07
1000.4	1.0e-07
1000.6	1.0e-07
1000.8	1.0e-07
1001.0	1.0e-07
1001.2	1.0481e-07
1001.4	1.1114e-07
1001.6	1.1786e-07
1001.8	1.2498e-07
1002.0	1.3253e-07
1002.2	1.4054e-07
1002.4	1.4903e-07
1002.6	1.5804e-07
1002.8	1.6759e-07
1003.0	1.7772e-07
1003.2	1.8846e-07
1003.4	1.9985e-07
1003.6	2.1193e-07
1003.8	2.2473e-07
1004.0	2.3831e-07
1004.2	2.5272e-07
1004.4	2.6799e-07
1004.6	2.8418e-07
1004.8	2.7146e-07
1005.0	2.5598e-07
1005.2	2.4139e-07
1005.4	2.2762e-07
1005.6	2.1464e-07
1005.8	2.0241e-07
1006.0	1.9086e-07
1006.2	1.7998e-07
1006.4	1.6972e-07
1006.6	1.6004e-07
1006.8	1.5092e-07
1007.0	1.4231e-07
1007.2	1.342e-07
1007.4	1.2654e-07
1007.6	1.1933e-07
1007.8	1.1253e-07
1008.0	1.0611e-07
1008.2	1.0006e-07
1008.4	1.0074e-07
1008.6	1.0149e-07
1008.8	1.0225e-07
1009.0	1.0301e-07
1009.2	1.0378e-07
1009.4	1.0455e-07
1009.6	1.0533e-07
1009.8	1.0612e-07
1010.0	1.0691e-07
1010.2	1.077e-07
1010.4	1.0851e-07
1010.6	1.0932e-07
1010.8	1.1013e-07
1011.0	1.1095e-07
1011.2	1.1178e-07
1011.4	1.1262e-07
1011.6	1.1345e-07
1011.8	1.1472e-07
1012.0	1.1988e-07
1012.2	1.2527e-07
1012.4	1.3091e-07
1012.6	1.368e-07
1012.8	1.4295e-07
1013.0	1.4939e-07
1013.2	1.5611e-07
1013.4	1.6313e-07
1013.6	1.7047e-07
1013.8	1.7814e-07
1014.0	1.8615e-07
1014.2	1.9453e-07
1014.4	2.0328e-07
1014.6	2.1242e-07
1014.8	2.2198e-07
1015.0	2.3196e-07
1015.2	2.424e-07
1015.4	2.4816e-07
1015.6	2.3571e-07
1015.8	2.2388e-07
1016.0	2.1265e-07
1016.2	2.0198e-07
1016.4	1.9184e-07
1016.6	1.8221e-07
1016.8	1.7307e-07
1017.0	1.6439e-07
1017.2	1.5614e-07
1017.4	1.483e-07
1017.6	1.4086e-07
1017.8	1.3379e-07
1018.0	1.2708e-07
1018.2	1.207e-07
1018.4	1.1465e-07
1018.6	1.0889e-07
1018.8	1.0343e-07
1019.0	1.0e-07
1019.2	1.0e-07
1019.4	1.0e-07
1019.6	1.0e-07
1019.8	1.0e-07
1020.0	1.0e-07
1020.2	1.0e-07
1020.4	1.0e-07
1020.6	1.0e-07
1020.8	1.0e-07
1021.0	1.0e-07
1021.2	1.0e-07
1021.4	1.0e-07
1021.6	1.0e-07
1021.8	1.0e-07
1022.0	1.0e-07
1022.2	1.0e-07
1022.4	1.0e-07
1022.6	1.0077e-07
1022.8	1.024e-07
1023.0	1.0406e-07
1023.2	1.0574e-07
1023.4	1.0746e-07
1023.6	1.0919e-07
1023.8	1.1096e-07
1024.0	1.1276e-07
1024.2	1.1458e-07
1024.4	1.1643e-07
1024.6	1.1832e-07
1024.8	1.2023e-07
1025.0	1.2218e-07
1025.2	1.5011e-07
1025.4	1.8442e-07
1025.6	2.2658e-07
1025.8	2.7838e-07
1026.0	3.4202e-07
1026.2	3.8216e-07
1026.4	3.8283e-07
1026.6	3.8351e-07
1026.8	3.8419e-07
1027.0	3.8487e-07
1027.2	3.8555e-07
1027.4	3.8623e-07
1027.6	3.8691e-07
1027.8	3.876e-07
1028.0	3.8828e-07
1028.2	3.8897e-07
1028.4	3.8966e-07
1028.6	3.9034e-07
1028.8	3.9103e-07
1029.0	3.9172e-07
1029.2	3.9242e-07
1029.4	3.9311e-07
1029.6	3.9381e-07
1029.8	3.8914e-07
1030.0	3.809e-07
1030.2	3.7283e-07
1030.4	3.6493e-07
1030.6	3.572e-07
1030.8	3.4963e-07
1031.0	3.4223e-07
1031.2	3.3498e-07
1031.4	3.2788e-07
1031.6	3.2093e-07
1031.8	3.1413e-07
1032.0	3.0748e-07
1032.2	3.0096e-07
1032.4	2.9459e-07
1032.6	2.8835e-07
1032.8	2.8224e-07
1033.0	2.7626e-07
1033.2	2.7041e-07
1033.4	2.7394e-07
1033.6	2.8117e-07
1033.8	2.8859e-07
1034.0	2.962e-07
1034.2	3.0402e-07
1034.4	3.1204e-07
1034.6	3.2027e-07
1034.8	3.2872e-07
1035.0	3.374e-07
1035.2	3.463e-07
1035.4	3.5544e-07
1035.6	3.6482e-07
1035.8	3.7444e-07
1036.0	3.8432e-07
1036.2	3.9446e-07
1036.4	4.0487e-07
1036.6	4.1555e-07
1036.8	4.2652e-07
1037.0	4.1168e-07
1037.2	3.9358e-07
1037.4	3.7627e-07
1037.6	3.5972e-07
1037.8	3.439e-07
1038.0	3.2877e-07
1038.2	3.1431e-07
1038.4	3.0048e-07
1038.6	2.8727e-07
1038.8	2.7463e-07
1039.0	2.6255e-07
1039.2	2.5101e-07
1039.4	2.3997e-07
1039.6	2.2941e-07
1039.8	2.1932e-07
1040.0	2.0967e-07
1040.2	2.0045e-07
1040.4	1.9169e-07
1040.6	1.8578e-07
1040.8	1.8004e-07
1041.0	1.7449e-07
1041.2	1.6911e-07
1041.4	1.6389e-07
1041.6	1.5883e-07
1041.8	1.5394e-07
1042.0	1.4919e-07
1042.2	1.4458e-07
1042.4	1.4012e-07
1042.6	1.358e-07
1042.8	1.3161e-07
1043.0	1.2755e-07
1043.2	1.2362e-07
1043.4	1.198e-07
1043.6	1.1611e-07
1043.8	1.1253e-07
1044.0	1.1002e-07
1044.2	1.1198e-07
1044.4	1.1397e-07
1044.6	1.16e-07
1044.8	1.1807e-07
1045.0	1.2017e-07
1045.2	1.164e-07
1045.4	1.1276e-07
1045.6	1.0922e-07
1045.8	1.058e-07
1046.0	1.0248e-07
1046.2	1.0e-07
1046.4	1.0e-07
1046.6	1.0e-07
1046.8	1.0e-07
1047.0	1.0e-07
1047.2	1.0e-07
1047.4	1.0e-07
1047.6	1.0e-07
1047.8	1.0e-07
1048.0	1.0e-07
1048.2	1.0e-07
1048.4	1.0e-07
1048.6	1.0e-07
1048.8	1.0e-07
1049.0	1.0e-07
1049.2	1.0e-07
1049.4	1.0e-07
1049.6	1.0e-07
1049.8	1.0e-07
1050.0	1.0e-07
1050.2	1.0e-07
1050.4	1.0e-07
1050.6	1.0e-07
1050.8	1.0e-07
1051.0	1.0e-07
1051.2	1.0e-07
1051.4	1.0e-07
1051.6	1.0e-07
1051.8	1.0e-07
1052.0	1.0e-07
1052.2	1.0e-07
1052.4	1.0e-07
1052.6	1.0e-07
1052.8	1.0e-07
1053.0	1.0e-07
1053.2	1.0e-07
1053.4	1.0352e-07
1053.6	1.1038e-07
1053.8	1.1769e-07
1054.0	1.2548e-07
1054.2	1.3379e-07
1054.4	1.4265e-07
1054.6	1.5209e-07
1054.8	1.6216e-07
1055.0	1.729e-07
1055.2	1.8435e-07
1055.4	1.9655e-07
1055.6	2.0957e-07
1055.8	2.2344e-07
1056.0	2.3824e-07
1056.2	2.5401e-07
1056.4	2.7083e-07
1056.6	2.8877e-07
1056.8	3.0789e-07
1057.0	3.1575e-07
1057.2	3.187e-07
1057.4	3.2168e-07
1057.6	3.2469e-07
1057.8	3.2773e-07
1058.0	3.3079e-07
1058.2	3.3389e-07
1058.4	3.3701e-07
1058.6	3.4016e-07
1058.8	3.4334e-07
1059.0	3.4656e-07
1059.2	3.498e-07
1059.4	3.5307e-07
1059.6	3.5637e-07
1059.8	3.5971e-07
1060.0	3.6307e-07
1060.2	3.6647e-07
1060.4	3.699e-07
1060.6	3.7166e-07
1060.8	3.7323e-07
1061.0	3.748e-07
1061.2	3.7637e-07
1061.4	3.7796e-07
1061.6	3.7955e-07
1061.8	3.8115e-07
1062.0	3.8275e-07
1062.2	3.8436e-07
1062.4	3.8598e-07
1062.6	3.876e-07
1062.8	3.8923e-07
1063.0	3.9087e-07
1063.2	3.9252e-07
1063.4	3.9417e-07
1063.6	3.9583e-07
1063.8	3.9749e-07
1064.0	3.9826e-07
1064.2	3.8803e-07
1064.4	3.7806e-07
1064.6	3.6835e-07
1064.8	3.5888e-07
1065.0	3.4966e-07
1065.2	4.1317e-07
1065.4	4.8823e-07
1065.6	5.7691e-07
1065.8	6.8171e-07
1066.0	8.0554e-07
1066.2	9.5186e-07
1066.4	8.8695e-07
1066.6	8.1937e-07
1066.8	7.5694e-07
1067.0	6.9927e-07
1067.2	6.4599e-07
1067.4	5.9678e-07
1067.6	5.5131e-07
1067.8	5.093e-07
1068.0	4.705e-07
1068.2	4.3465e-07
1068.4	4.0154e-07
1068.6	3.7094e-07
1068.8	3.4268e-07
1069.0	3.1657e-07
1069.2	2.9245e-07
1069.4	2.7017e-07
1069.6	2.4959e-07
1069.8	2.337e-07
1070.0	2.3694e-07
1070.2	2.4023e-07
1070.4	2.4356e-07
1070.6	2.4694e-07
1070.8	2.5036e-07
1071.0	2.5383e-07
1071.2	2.5735e-07
1071.4	2.6092e-07
1071.6	2.6454e-07
1071.8	2.682e-07
1072.0	2.7192e-07
1072.2	2.7569e-07
1072.4	2.7951e-07
1072.6	2.8339e-07
1072.8	2.8732e-07
1073.0	2.913e-07
1073.2	2.9534e-07
1073.4	3.0212e-07
1073.6	3.1469e-07
1073.8	3.2779e-07
1074.0	3.4143e-07
1074.2	3.5564e-07
1074.4	3.7045e-07
1074.6	3.8587e-07
1074.8	4.0193e-07
1075.0	4.1866e-07
1075.2	4.3608e-07
1075.4	4.5423e-07
1075.6	4.7314e-07
1075.8	4.9283e-07
1076.0	5.1334e-07
1076.2	5.3471e-07
1076.4	5.5697e-07
1076.6	5.8015e-07
1076.8	6.043e-07
1077.0	6.0887e-07
1077.2	5.9565e-07
1077.4	5.8273e-07
1077.6	5.7008e-07
1077.8	5.5771e-07
1078.0	5.456e-07
1078.2	5.3376e-07
1078.4	5.2218e-07
1078.6	5.1084e-07
1078.8	4.9976e-07
1079.0	4.8891e-07
1079.2	4.783e-07
1079.4	4.6792e-07
1079.6	4.5777e-07
1079.8	4.4783e-07
1080.0	4.3811e-07
1080.2	4.286e-07
1080.4	4.193e-07
1080.6	3.9299e-07
1080.8	3.6268e-07
1081.0	3.347e-07
1081.2	3.0888e-07
1081.4	2.8506e-07
1081.6	2.6307e-07
1081.8	2.4278e-07
1082.0	2.2405e-07
1082.2	2.0677e-07
1082.4	1.9082e-07
1082.6	1.761e-07
1082.8	1.6252e-07
1083.0	1.4998e-07
1083.2	1.3842e-07
1083.4	1.2774e-07
1083.6	1.1789e-07
1083.8	1.0879e-07
1084.0	1.004e-07
1084.2	1.0808e-07
1084.4	1.1729e-07
1084.6	1.2729e-07
1084.8	1.3813e-07
1085.0	1.4991e-07
1085.2	1.6268e-07
1085.4	1.7655e-07
1085.6	1.9159e-07
1085.8	2.0792e-07
1086.0	2.2564e-07
1086.2	2.4487e-07
1086.4	2.6574e-07
1086.6	2.8838e-07
1086.8	3.1296e-07
1087.0	3.3963e-07
1087.2	3.6857e-07
1087.4	3.9998e-07
1087.6	4.2234e-07
1087.8	3.9189e-07
1088.0	3.6364e-07
1088.2	3.3742e-07
1088.4	3.1309e-07
1088.6	2.9052e-07
1088.8	2.6957e-07
1089.0	2.5014e-07
1089.2	2.3211e-07
1089.4	2.1537e-07
1089.6	1.9984e-07
1089.8	1.8544e-07
1090.0	1.7207e-07
1090.2	1.7801e-07
1090.4	1.8415e-07
1090.6	1.905e-07
1090.8	1.9708e-07
1091.0	2.0388e-07
1091.2	2.1091e-07
1091.4	2.2163e-07
1091.6	2.3494e-07
1091.8	2.4905e-07
1092.0	2.6401e-07
1092.2	2.7987e-07
1092.4	2.9668e-07
1092.6	3.145e-07
1092.8	3.3339e-07
1093.0	3.5341e-07
1093.2	3.7464e-07
1093.4	3.9715e-07
1093.6	4.21e-07
1093.8	4.4629e-07
1094.0	4.7309e-07
1094.2	5.0151e-07
1094.4	5.3163e-07
1094.6	5.6357e-07
1094.8	5.9742e-07
1095.0	5.9179e-07
1095.2	5.7951e-07
1095.4	5.6749e-07
1095.6	5.5572e-07
1095.8	5.4419e-07
1096.0	5.329e-07
1096.2	5.2185e-07
1096.4	5.1102e-07
1096.6	5.0042e-07
1096.8	4.9004e-07
1097.0	4.7987e-07
1097.2	4.6992e-07
1097.4	4.6017e-07
1097.6	4.5062e-07
1097.8	4.4127e-07
1098.0	4.3212e-07
1098.2	4.2315e-07
1098.4	4.1385e-07
1098.6	3.984e-07
1098.8	3.8354e-07
1099.0	3.6922e-07
1099.2	3.5545e-07
1099.4	3.4218e-07
1099.6	3.2941e-07
1099.8	3.1712e-07
1100.0	3.0529e-07
1100.2	2.939e-07
1100.4	2.8293e-07
1100.6	2.7237e-07
1100.8	2.6221e-07
1101.0	2.5242e-07
1101.2	2.43e-07
1101.4	2.3393e-07
1101.6	2.2521e-07
1101.8	2.168e-07
1102.0	2.172e-07
1102.2	2.383e-07
1102.4	2.6146e-07
1102.6	2.8686e-07
1102.8	3.1473e-07
1103.0	3.453e-07
1103.2	3.7885e-07
1103.4	4.1565e-07
1103.6	4.5604e-07
1103.8	5.0034e-07
1104.0	5.4895e-07
1104.2	6.0228e-07
1104.4	6.608e-07
1104.6	7.2499e-07
1104.8	7.9543e-07
1105.0	8.7271e-07
1105.2	9.5749e-07
1105.4	1.0505e-06
1105.6	1.041e-06
1105.8	9.4924e-07
1106.0	8.6553e-07
1106.2	7.8921e-07
1106.4	7.1961e-07
1106.6	6.5615e-07
1106.8	5.9829e-07
1107.0	5.4553e-07
1107.2	4.9742e-07
1107.4	4.5356e-07
1107.6	4.1356e-07
1107.8	3.7709e-07
1108.0	3.4384e-07
1108.2	3.1352e-07
1108.4	2.8587e-07
1108.6	2.6066e-07
1108.8	2.3767e-07
1109.0	2.1672e-07
1109.2	2.3467e-07
1109.4	2.6563e-07
1109.6	3.0067e-07
1109.8	3.4033e-07
1110.0	3.8523e-07
1110.2	4.3604e-07
1110.4	4.9357e-07
1110.6	5.5868e-07
1110.8	6.3238e-07
1111.0	7.158e-07
1111.2	8.1023e-07
1111.4	9.1712e-07
1111.6	1.0381e-06
1111.8	1.175e-06
1112.0	1.3301e-06
1112.2	1.5055e-06
1112.4	1.7041e-06
1112.6	1.9112e-06
1112.8	1.8291e-06
1113.0	1.7506e-06
1113.2	1.6754e-06
1113.4	1.6034e-06
1113.6	1.5346e-06
1113.8	1.4687e-06
1114.0	1.4056e-06
1114.2	1.3452e-06
1114.4	1.2874e-06
1114.6	1.2321e-06
1114.8	1.1792e-06
1115.0	1.1286e-06
1115.2	1.0801e-06
1115.4	1.0337e-06
1115.6	9.8932e-07
1115.8	9.4683e-07
1116.0	9.0617e-07
1116.2	8.8402e-07
1116.4	8.9741e-07
1116.6	9.1101e-07
1116.8	9.2481e-07
1117.0	9.3883e-07
1117.2	9.5305e-07
1117.4	9.6749e-07
1117.6	9.8215e-07
1117.8	9.9703e-07
1118.0	1.0121e-06
1118.2	1.0275e-06
1118.4	1.043e-06
1118.6	1.0588e-06
1118.8	1.0749e-06
1119.0	1.0912e-06
1119.2	1.1077e-06
1119.4	1.1245e-06
1119.6	1.1415e-06
1119.8	2.2527e-06
1120.0	6.9242e-06
1120.2	6.8385e-06
1120.4	6.7539e-06
1120.6	6.6703e-06
1120.8	6.5877e-06
1121.0	6.5062e-06
1121.2	6.4256e-06
1121.4	6.3461e-06
1121.6	6.2675e-06
1121.8	6.1899e-06
1122.0	6.1133e-06
1122.2	6.0377e-06
1122.4	5.9629e-06
1122.6	5.8891e-06
1122.8	5.8162e-06
1123.0	5.7442e-06
1123.2	5.6731e-06
1123.4	5.6029e-06
1123.6	5.5335e-06
1123.8	5.465e-06
1124.0	5.3974e-06
1124.2	5.3306e-06
1124.4	5.2646e-06
1124.6	5.1994e-06
1124.8	5.1351e-06
1125.0	5.0715e-06
1125.2	5.1923e-06
1125.4	5.3159e-06
1125.6	5.4425e-06
1125.8	5.572e-06
1126.0	5.7047e-06
1126.2	5.8405e-06
1126.4	5.9796e-06
1126.6	6.122e-06
1126.8	6.2677e-06
1127.0	6.417e-06
1127.2	6.5697e-06
1127.4	6.7262e-06
1127.6	6.8863e-06
1127.8	7.0503e-06
1128.0	7.2181e-06
1128.2	7.39e-06
1128.4	7.5659e-06
1128.6	7.7461e-06
1128.8	7.9305e-06
1129.0	8.1193e-06
1129.2	8.3126e-06
1129.4	8.5106e-06
1129.6	8.7132e-06
1129.8	8.9206e-06
1130.0	9.133e-06
1130.2	8.9237e-06
1130.4	8.7191e-06
1130.6	8.5193e-06
1130.8	8.324e-06
1131.0	8.1332e-06
1131.2	7.9468e-06
1131.4	7.7646e-06
1131.6	7.5866e-06
1131.8	7.4127e-06
1132.0	7.2428e-06
1132.2	7.0768e-06
1132.4	6.9145e-06
1132.6	6.756e-06
1132.8	6.6012e-06
1133.0	6.4499e-06
1133.2	6.302e-06
1133.4	6.1576e-06
1133.6	6.0164e-06
1133.8	5.8785e-06
1134.0	5.7438e-06
1134.2	5.6121e-06
1134.4	5.4835e-06
1134.6	5.3578e-06
1134.8	5.2349e-06
1135.0	5.1149e-06
1135.2	5.1457e-06
1135.4	5.1766e-06
1135.6	5.2077e-06
1135.8	5.239e-06
1136.0	5.2705e-06
1136.2	5.3022e-06
1136.4	5.334e-06
1136.6	5.3661e-06
1136.8	5.3983e-06
1137.0	5.4308e-06
1137.2	5.4634e-06
1137.4	5.4963e-06
1137.6	5.5293e-06
1137.8	5.5625e-06
1138.0	5.596e-06
1138.2	5.6296e-06
1138.4	5.6634e-06
1138.6	5.6975e-06
1138.8	5.7317e-06
1139.0	5.7661e-06
1139.2	5.8008e-06
1139.4	5.8357e-06
1139.6	5.8707e-06
1139.8	5.906e-06
1140.0	5.9415e-06
1140.2	5.9272e-06
1140.4	5.9129e-06
1140.6	5.8987e-06
1140.8	5.8845e-06
1141.0	5.8703e-06
1141.2	5.8562e-06
1141.4	5.8421e-06
1141.6	5.828e-06
1141.8	5.814e-06
1142.0	5.8e-06
1142.2	5.786e-06
1142.4	5.7721e-06
1142.6	5.7582e-06
1142.8	5.7443e-06
1143.0	5.7305e-06
1143.2	5.7167e-06
1143.4	5.7029e-06
1143.6	5.6892e-06
1143.8	5.6755e-06
1144.0	5.6618e-06
1144.2	5.6482e-06
1144.4	5.6346e-06
1144.6	5.621e-06
1144.8	5.6075e-06
1145.0	5.594e-06
1145.2	5.5889e-06
1145.4	5.5837e-06
1145.6	5.5786e-06
1145.8	5.5735e-06
1146.0	5.5684e-06
1146.2	5.5633e-06
1146.4	5.5582e-06
1146.6	5.5531e-06
1146.8	5.548e-06
1147.0	5.543e-06
1147.2	5.5379e-06
1147.4	5.5328e-06
1147.6	5.5277e-06
1147.8	5.5227e-06
1148.0	5.5176e-06
1148.2	5.5126e-06
1148.4	5.5075e-06
1148.6	5.5025e-06
1148.8	5.4974e-06
1149.0	5.4924e-06
1149.2	5.4874e-06
1149.4	5.4823e-06
1149.6	5.4773e-06
1149.8	5.4723e-06
1150.0	5.4673e-06
1150.2	5.469e-06
1150.4	5.4708e-06
1150.6	5.4725e-06
1150.8	5.4742e-06
1151.0	5.4759e-06
1151.2	5.4777e-06
1151.4	5.4794e-06
1151.6	5.4811e-06
1151.8	5.4829e-06
1152.0	5.4846e-06
1152.2	5.4863e-06
1152.4	5.4881e-06
1152.6	5.4898e-06
1152.8	5.4915e-06
1153.0	5.4933e-06
1153.2	5.495e-06
1153.4	5.4968e-06
1153.6	5.4985e-06
1153.8	5.5002e-06
1154.0	5.502e-06
1154.2	5.5037e-06
1154.4	5.5055e-06
1154.6	5.5072e-06
1154.8	5.5089e-06
1155.0	5.5107e-06
1155.2	5.6083e-06
1155.4	5.7077e-06
1155.6	5.8088e-06
1155.8	5.9117e-06
1156.0	6.0164e-06
1156.2	6.123e-06
1156.4	6.2314e-06
1156.6	6.3418e-06
1156.8	6.4542e-06
1157.0	6.5685e-06
1157.2	6.6849e-06
1157.4	6.8033e-06
1157.6	6.9238e-06
1157.8	7.0465e-06
1158.0	7.1713e-06
1158.2	7.2983e-06
1158.4	7.4276e-06
1158.6	7.5592e-06
1158.8	7.6931e-06
1159.0	7.8294e-06
1159.2	7.9681e-06
1159.4	8.1092e-06
1159.6	8.2529e-06
1159.8	8.3991e-06
1160.0	8.5479e-06
1160.2	8.3481e-06
1160.4	8.153e-06
1160.6	7.9624e-06
1160.8	7.7763e-06
1161.0	7.5945e-06
1161.2	7.417e-06
1161.4	7.2437e-06
1161.6	7.0744e-06
1161.8	6.909e-06
1162.0	6.7475e-06
1162.2	6.5898e-06
1162.4	6.4358e-06
1162.6	6.2853e-06
1162.8	6.1384e-06
1163.0	5.995e-06
1163.2	5.8548e-06
1163.4	5.718e-06
1163.6	5.5843e-06
1163.8	5.4538e-06
1164.0	5.3263e-06
1164.2	5.2018e-06
1164.4	5.0803e-06
1164.6	4.9615e-06
1164.8	4.8455e-06
1165.0	4.7323e-06
1165.2	4.7819e-06
1165.4	4.832e-06
1165.6	4.8826e-06
1165.8	4.9338e-06
1166.0	4.9855e-06
1166.2	5.0378e-06
1166.4	5.0906e-06
1166.6	5.1439e-06
1166.8	5.1978e-06
1167.0	5.2523e-06
1167.2	5.3074e-06
1167.4	5.363e-06
1167.6	5.4192e-06
1167.8	5.476e-06
1168.0	5.5334e-06
1168.2	5.5914e-06
1168.4	5.65e-06
1168.6	5.7092e-06
1168.8	5.7691e-06
1169.0	5.8295e-06
1169.2	5.8906e-06
1169.4	5.9524e-06
1169.6	6.0147e-06
1169.8	6.0778e-06
1170.0	6.1415e-06
1170.2	6.07e-06
1170.4	5.9994e-06
1170.6	5.9295e-06
1170.8	5.8605e-06
1171.0	5.7923e-06
1171.2	5.7249e-06
1171.4	5.6583e-06
1171.6	5.5924e-06
1171.8	5.5274e-06
1172.0	5.463e-06
1172.2	5.3995e-06
1172.4	5.3366e-06
1172.6	5.2745e-06
1172.8	5.2131e-06
1173.0	5.1525e-06
1173.2	5.0925e-06
1173.4	5.0332e-06
1173.6	4.9747e-06
1173.8	4.9168e-06
1174.0	4.8595e-06
1174.2	4.803e-06
1174.4	4.7471e-06
1174.6	4.6918e-06
1174.8	4.6372e-06
1175.0	4.5833e-06
1175.2	4.5835e-06
1175.4	4.5838e-06
1175.6	4.584e-06
1175.8	4.5843e-06
1176.0	4.5845e-06
1176.2	4.5847e-06
1176.4	4.585e-06
1176.6	4.5852e-06
1176.8	4.5855e-06
1177.0	4.5857e-06
1177.2	4.586e-06
1177.4	4.5862e-06
1177.6	4.5865e-06
1177.8	4.5867e-06
1178.0	4.587e-06
1178.2	4.5872e-06
1178.4	4.5875e-06
1178.6	4.5877e-06
1178.8	4.588e-06
1179.0	4.5882e-06
1179.2	4.5884e-06
1179.4	4.5887e-06
1179.6	4.5889e-06
1179.8	4.5892e-06
1180.0	4.5894e-06
1180.2	4.6549e-06
1180.4	4.7213e-06
1180.6	4.7887e-06
1180.8	4.857e-06
1181.0	4.9263e-06
1181.2	4.9966e-06
1181.4	5.0679e-06
1181.6	5.1402e-06
1181.8	5.2136e-06
1182.0	5.288e-06
1182.2	5.3634e-06
1182.4	5.4399e-06
1182.6	5.5175e-06
1182.8	5.5963e-06
1183.0	5.6761e-06
1183.2	5.7571e-06
1183.4	5.8393e-06
1183.6	5.9226e-06
1183.8	6.0071e-06
1184.0	6.0928e-06
1184.2	6.1797e-06
1184.4	6.2679e-06
1184.6	6.3573e-06
1184.8	6.448e-06
1185.0	6.54e-06
1185.2	6.4506e-06
1185.4	6.3624e-06
1185.6	6.2754e-06
1185.8	6.1895e-06
1186.0	6.1049e-06
1186.2	6.0214e-06
1186.4	5.939e-06
1186.6	5.8578e-06
1186.8	5.7777e-06
1187.0	5.6987e-06
1187.2	5.6207e-06
1187.4	5.5439e-06
1187.6	5.4681e-06
1187.8	5.3933e-06
1188.0	5.3195e-06
1188.2	5.2468e-06
1188.4	5.175e-06
1188.6	5.1042e-06
1188.8	5.0344e-06
1189.0	4.9656e-06
1189.2	4.8977e-06
1189.4	4.8307e-06
1189.6	4.7646e-06
1189.8	4.6994e-06
1190.0	4.6352e-06
1190.2	4.6949e-06
1190.4	4.7554e-06
1190.6	4.8167e-06
1190.8	4.8788e-06
1191.0	4.9417e-06
1191.2	5.0054e-06
1191.4	5.07e-06
1191.6	5.1353e-06
1191.8	5.2015e-06
1192.0	5.2686e-06
1192.2	5.3365e-06
1192.4	5.4053e-06
1192.6	5.475e-06
1192.8	5.5455e-06
1193.0	5.617e-06
1193.2	5.6894e-06
1193.4	5.7628e-06
1193.6	5.8371e-06
1193.8	5.9123e-06
1194.0	5.9885e-06
1194.2	6.0657e-06
1194.4	6.1439e-06
1194.6	6.2231e-06
1194.8	6.3033e-06
1195.0	6.3846e-06
1195.2	6.3038e-06
1195.4	6.2241e-06
1195.6	6.1454e-06
1195.8	6.0677e-06
1196.0	5.991e-06
1196.2	5.9152e-06
1196.4	5.8404e-06
1196.6	5.7666e-06
1196.8	5.6936e-06
1197.0	5.6216e-06
1197.2	5.5506e-06
1197.4	5.4804e-06
1197.6	5.4111e-06
1197.8	5.3426e-06
1198.0	5.2751e-06
1198.2	5.2084e-06
1198.4	5.1425e-06
1198.6	5.0775e-06
1198.8	5.0133e-06
1199.0	4.9499e-06
1199.2	4.8873e-06
1199.4	4.8255e-06
1199.6	4.7645e-06
1199.8	4.7042e-06
1200.0	4.6447e-06
1200.2	4.6478e-06
1200.4	4.6508e-06
1200.6	4.6539e-06
1200.8	4.6569e-06
1201.0	4.66e-06
1201.2	4.663e-06
1201.4	4.6661e-06
1201.6	4.6691e-06
1201.8	4.6722e-06
1202.0	4.6752e-06
1202.2	4.6783e-06
1202.4	4.6814e-06
1202.6	4.6844e-06
1202.8	4.6875e-06
1203.0	4.6906e-06
1203.2	4.6936e-06
1203.4	4.6967e-06
1203.6	4.6998e-06
1203.8	4.7029e-06
1204.0	4.706e-06
1204.2	4.709e-06
1204.4	4.7121e-06
1204.6	4.7152e-06
1204.8	4.7183e-06
1205.0	4.7214e-06
1205.2	4.7243e-06
1205.4	4.7272e-06
1205.6	4.7302e-06
1205.8	4.7331e-06
1206.0	4.736e-06
1206.2	4.7389e-06
1206.4	4.7419e-06
1206.6	4.7448e-06
1206.8	4.7478e-06
1207.0	4.7507e-06
1207.2	4.7536e-06
1207.4	4.7566e-06
1207.6	4.7595e-06
1207.8	4.7625e-06
1208.0	4.7654e-06
1208.2	4.7684e-06
1208.4	4.7713e-06
1208.6	4.7743e-06
1208.8	4.7772e-06
1209.0	4.7802e-06
1209.2	4.7831e-06
1209.4	4.7861e-06
1209.6	4.7891e-06
1209.8	4.792e-06
1210.0	4.795e-06